17148201,0.6129999
17148202,0.08415076
17148203,0.8396739
17148204,0.61861813
17148205,0.2136863
17148206,0.45448294
17148207,0.5160115
17148208,0.3566372
17148209,0.42300403
17148210,0.60331076
17148301,0.4610765
17148302,0.10346301
17148303,0.20083183
17148304,0.91376066
17148305,0.66157097
17148306,0.053969122
17148307,0.4729004
17148308,0.34299695
17148309,0.09261542
17148310,0.6633814
17148311,0.72459733
17148312,0.8408333
17148313,3.550705e-05
17148314,0.3883927
17148315,0.003955334
17148316,0.45983177
17148317,0.15258567
17148401,0.17918962
17148402,0.72335196
17148403,0.41400036
17148404,0.33871353
17148405,0.6609484
17148406,0.3015482
17148407,0.45941442
17148408,0.27608058
17148409,0.075578496
17148410,0.63070154
17148501,0.3479993
17148502,0.31613603
17148503,0.8485747
17148504,0.092091516
17148505,0.21099722
17148506,0.8474694
17148507,0.74359447
17148508,0.57061356
17148509,0.07501136
17148601,0.35598454
17148602,0.7374002
17148603,0.5901085
17148604,0.13466236
17148605,0.8642606
17148606,0.53020686
17148607,0.71846354
17148608,0.6436076
17148609,0.86636144
17148610,0.38337427
17148611,0.7686538
17148612,0.9422331
17148613,0.8941769
17148614,0.66304404
17148615,0.51491374
17148616,0.310699
17148617,0.75596815
17148618,0.64906156
17148619,0.8142361
17148620,0.3788445
17148621,0.6836447
17148622,0.23774064
17148623,0.5851278
17148624,0.85330564
17148625,0.83955556
17148626,0.78943723
17148627,0.8620279
17148628,0.51926947
17148629,0.92514694
17148701,0.5355864
17148702,0.86103165
17148703,0.23208669
17148704,0.66468334
17148705,0.25861192
17148706,0.029567705
17148707,0.8523223
17148708,0.80252075
17148709,0.9658551
17148710,0.8642656
17148711,3.449841e-05
17148712,0.0040122117
17148713,0.018219534
17148714,0.029740645
17148715,0.029710058
17148716,0.6894911
17148717,0.065667324
17148718,0.8410158
17148719,0.1306846
17148720,0.024255024
17148721,0.8236205
17148801,0.24919026
17148802,0.16379297
17148803,0.5920276
17148804,0.43471643
17148805,0.40938058
17148806,0.52955276
17148807,0.17318572
17148808,0.19489592
17148809,0.4852737
17148901,0.81002986
17148902,0.21376805
17148903,0.5524269
17148904,0.58271366
17148905,0.122192256
17148906,0.035659622
17148907,0.06483365
17148908,0.5015726
17148909,0.8138096
17148910,0.009803265
17148911,0.010069114
17148912,0.058189556
17148913,0.5668242
17148914,0.00084577186
17148915,0.0058268947
17148916,0.009385321
17148917,0.0027451564
17148918,0.8595315
17148919,0.032392044
17149001,0.034021515
17149002,0.06772698
17149003,0.21365342
17149004,0.5561277
17149005,0.5648562
17149006,0.11790045
17149007,0.043024726
17149008,0.024467375
17149009,0.78963155
17149010,0.16273579
17149011,0.044602003
17149012,0.00015234402
17149013,0.16823784
17149014,0.5696866
17149015,0.00510212
17149016,0.2870798
17149101,0.88411885
17149102,0.2959996
17149103,0.01645857
17149104,0.15528311
17149105,0.0013854245
17149106,0.0027932965
17149107,0.026109789
17149108,0.1352608
17149109,0.022331886
17149110,0.009003071
17149111,0.0024246974
17149112,0.880763
17149113,0.46509522
17149114,0.0064348457
17149115,0.0126104355
17149116,0.036038432
17149117,0.01845142
17149118,0.82367104
17149119,0.5269118
17149120,0.015573038
17149201,0.14781412
17149202,0.5327047
17149203,0.8414638
17149204,0.061130002
17149205,0.054407813
17149206,0.21443407
17149207,0.6122343
17149208,0.61124945
17149209,0.07943991
17149301,0.12946054
17149302,0.23039244
17149303,0.4233443
17149304,0.06489227
17149305,0.7786008
17149306,0.067552656
17149307,0.087265104
17149308,0.35398906
17149309,0.21549454
17149310,0.10852739
17149311,0.22177427
17149312,0.08010041
17149313,0.46538895
17149314,0.019558817
17149315,0.02471829
17149316,0.024536986
17149317,0.00032954235
17149318,0.045519687
17149319,0.05076518
17149401,0.0030635074
17149402,0.2208563
17149403,0.435268
17149404,0.005998985
17149405,0.021685772
17149406,0.20688722
17149407,0.00095371023
17149408,0.26283163
17149501,0.005059909
17149502,0.89698595
17149503,0.085195996
17149504,0.0057412656
17149505,0.0049677673
17149506,0.09868248
17149507,0.114397906
17149508,0.08060798
17149509,0.08523181
17149510,0.47230956
17149511,0.2068782
17149512,0.6012812
17149513,0.046609946
17149514,0.085825466
17149515,0.4979804
17149516,0.30057126
17149517,0.00065138703
17149518,0.0012279049
17149519,0.0563207
17149520,0.21169205
17149601,0.6644934
17149602,0.5298596
17149603,0.8774557
17149604,0.5467646
17149605,0.684201
17149606,0.30936527
17149607,0.58345014
17149608,0.89608103
17149609,0.78873193
17149701,0.28164104
17149702,0.024629427
17149703,0.28164104
17149704,0.0305083
17149705,0.523988
17149706,0.07060139
17149707,0.15228835
17149708,0.005280267
17149709,0.108986944
17149801,0.0692524
17149802,0.39097267
17149803,0.987217
17149804,0.84681606
17149805,0.10219933
17149806,0.41042185
17149807,0.04250433
17149808,0.91424847
17149809,0.38714626
17149810,0.08795299
17149901,0.41909453
17149902,0.06787209
17149903,0.0024122521
17149904,0.27968773
17149905,0.07306853
17149906,0.010384525
17149907,0.053206746
17149908,0.60619193
17149909,0.43454403
17149910,0.07647927
17149911,3.091774e-05
17149912,0.005727273
17149913,0.038658317
17149914,0.022080543
17149915,0.00060193316
17149916,0.0011477207
17149917,0.3723747
17149918,0.024038259
17149919,0.03245146
17149920,0.0001920117
17149921,0.038783427
17149922,0.08795257
17149923,0.0064680083
17150001,0.2879551
17150002,0.0035928988
17150003,0.018791977
17150004,0.0059329895
17150005,0.16641097
17150006,0.07609372
17150007,0.011449454
17150008,0.18181752
17150009,0.17832702
17150010,0.5906815
17150011,0.743506
17150012,0.39163306
17150013,0.475621
17150014,0.48271635
17150015,0.6510247
17150016,0.55713123
17150017,0.7395186
17150018,0.6221523
17150019,0.34950295
17150020,0.5596714
17150021,0.2333085
17150101,0.9050016
17150102,0.8956313
17150103,0.2928317
17150104,0.00091250066
17150105,1.1274426e-06
17150106,0.43994865
17150107,0.7090412
17150108,0.5888434
17150109,0.7080569
17150110,0.7557242
17150111,0.71264946
17150112,0.46414965
17150113,0.922664
17150114,0.37196276
17150115,0.78407705
17150201,0.122234024
17150202,0.3987913
17150203,0.13801463
17150204,0.8062116
17150205,0.33115143
17150206,0.64146715
17150207,0.56416684
17150208,0.5842421
17150209,0.7593288
17150210,0.77956855
17150301,0.023811687
17150302,0.122022636
17150303,0.13141
17150304,0.45231828
17150305,0.021330843
17150306,0.40981016
17150307,0.7211972
17150308,0.34086975
17150309,0.40981016
17150310,0.5221056
17150311,0.530646
17150312,0.5371177
17150313,0.8989261
17150314,0.07817491
17150315,0.035831574
17150316,0.22252078
17150317,0.07366081
17150401,0.010614585
17150402,0.032177415
17150403,0.0242557
17150404,0.02743855
17150405,0.010547274
17150406,0.53242135
17150407,0.14031506
17150408,0.5698063
17150409,0.5321833
17150410,0.09759749
17150411,0.062427722
17150412,0.029108886
17150413,0.16657546
17150414,0.12796627
17150415,0.36175653
17150416,0.4507231
17150417,0.16329429
17150418,0.016993139
17150419,0.8019461
17150420,0.0648784
17150421,0.13427448
17150422,0.26410997
17150423,0.26130745
17150501,0.039021123
17150502,0.511423
17150503,0.41524777
17150504,0.10833159
17150505,0.02814198
17150506,0.0002235732
17150507,0.007222872
17150508,0.0022895683
17150509,0.0006811441
17150510,0.0006352602
17150511,0.09871278
17150512,0.6187846
17150513,0.6910844
17150514,0.021730598
17150515,0.20154904
17150516,0.027503699
17150517,0.18003103
17150518,0.008007016
17150519,0.29727766
17150520,0.122180186
17150521,0.0002260627
17150522,0.0023996718
17150523,0.00036360463
17150601,0.830375
17150602,0.74675125
17150603,0.13240544
17150604,0.3369066
17150605,0.8711478
17150606,0.8226838
17150607,0.767608
17150608,0.7736729
17150609,0.016397303
17150610,0.7813902
17150701,0.6371657
17150702,0.8490709
17150703,0.4482179
17150704,0.6925335
17150705,0.5875365
17150706,0.5283024
17150707,0.75988424
17150708,0.55132276
17150709,0.4757398
17150710,0.49293175
17150711,0.399733
17150712,0.15400614
17150713,0.16439746
17150714,0.049166847
17150715,0.112466164
17150716,0.017321672
17150717,0.015111882
17150718,0.5402743
17150719,0.08566113
17150720,0.016374046
17150801,0.11335427
17150802,0.042141013
17150803,0.58958846
17150804,0.030741166
17150805,0.77583116
17150806,0.08880409
17150807,0.45231283
17150808,0.6198233
17150809,0.14426087
17150810,0.19709523
17150901,0.07634978
17150902,0.61621535
17150903,0.28636044
17150904,0.0053977813
17150905,0.00015401111
17150906,0.004285603
17150907,0.031217193
17150908,0.011518867
17150909,0.0009762904
17150910,0.3790939
17150911,0.009285618
17150912,0.0021572895
17150913,0.8506328
17150914,0.23572977
17150915,0.3635454
17150916,0.019244993
17150917,0.13632199
17150918,0.20982128
17150919,0.15169641
17150920,0.5008668
17151001,0.023444168
17151002,0.0011473874
17151003,0.05339998
17151004,0.8004822
17151005,0.8000945
17151006,0.0761364
17151007,0.028524965
17151008,0.34815934
17151009,0.001153152
17151010,0.0008521382
17151011,0.054283194
17151012,0.6823716
17151013,0.3854884
17151014,0.02668618
17151015,0.7239174
17151016,0.13033104
17151017,0.06077801
17151018,0.11822102
17151019,0.2517151
17151020,0.0008527369
17151021,0.90784556
17151022,0.009852261
17151023,0.0027054737
17151024,0.00035410837
17151101,0.0056906315
17151102,0.24180539
17151103,0.09909729
17151104,0.25784272
17151105,0.83106023
17151106,0.1018502
17151107,0.032478545
17151108,0.026165418
17151201,0.060668506
17151202,0.013151147
17151203,0.3348778
17151204,0.32386985
17151205,0.17419489
17151206,0.010173907
17151207,0.074909754
17151208,0.004116162
17151209,0.29070786
17151210,0.14968835
17151211,0.83461493
17151212,0.8182759
17151213,0.11517877
17151214,0.36819762
17151215,0.17419039
17151216,0.28031868
17151217,0.032419946
17151218,0.26628706
17151219,0.00014375728
17151220,0.012748111
17151221,0.41308206
17151301,0.41300088
17151302,0.6572596
17151303,0.2834092
17151304,0.86400354
17151305,0.055181745
17151306,0.83671373
17151307,0.4691246
17151308,0.54115695
17151309,0.32678157
17151310,0.29832506
17151401,0.023127778
17151402,0.036342964
17151403,0.6227508
17151404,0.07384336
17151405,0.13403912
17151406,0.8310698
17151407,0.0022378967
17151408,0.027911397
17151409,0.98141176
17151410,0.28751257
17151411,0.084649764
17151412,0.00011251559
17151413,0.0673054
17151414,0.058832347
17151415,0.022420555
17151416,0.04500205
17151417,0.00074845186
17151418,0.061096527
17151419,0.9838573
17151420,0.16461608
17151421,0.8044236
17151422,0.82073253
17151423,0.7746993
17151424,0.55023795
17151501,0.2708762
17151502,0.015252869
17151503,0.6098345
17151504,0.02195514
17151505,0.81485736
17151506,0.55465144
17151507,0.06362528
17151508,0.6825234
17151509,0.85135543
17151510,0.3521636
17151601,0.04732334
17151602,0.060983017
17151603,0.64259404
17151604,0.5373562
17151605,0.2368391
17151606,0.6078695
17151607,0.12064161
17151608,0.42051855
17151609,0.010522188
17151610,0.0012080974
17151701,0.40227702
17151702,0.186318
17151703,0.113179974
17151704,0.006849808
17151705,0.061764274
17151706,0.07466272
17151707,0.24441066
17151708,0.3123867
17151709,0.57540214
17151710,0.11058403
17151711,0.13197184
17151712,0.2429336
17151713,0.058127664
17151714,0.027263526
17151715,0.10450445
17151716,0.0066882814
17151717,0.002878887
17151718,0.04812614
17151719,0.07166782
17151720,0.06299685
17151721,0.44971922
17151801,0.12993325
17151802,0.030239606
17151803,0.010079747
17151804,0.11897698
17151805,0.85286224
17151806,0.03943738
17151807,0.84137756
17151808,0.041237935
17151809,0.016643245
17151810,0.2476835
17151811,0.04991803
17151812,0.0003401252
17151813,0.0103731435
17151814,0.07683681
17151815,0.012835573
17151816,0.0033791857
17151817,0.11420126
17151818,0.4529065
17151819,0.002018546
17151820,0.009232
17151821,0.01929415
17151901,0.05310789
17151902,0.5758622
17151903,0.09984907
17151904,0.27780238
17151905,0.14930867
17151906,0.4089445
17151907,0.07446957
17151908,0.45760906
17151909,0.016403249
17151910,0.12757243
17152001,0.32838264
17152002,4.6995392e-05
17152003,0.021703428
17152004,0.10347405
17152005,0.13071308
17152006,0.49802336
17152007,0.5909976
17152008,0.8044597
17152009,0.03550402
17152010,0.24276596
17152011,0.062245987
17152012,0.057750527
17152013,0.08737701
17152014,0.3770074
17152015,0.06728479
17152016,0.39784786
17152017,0.2259929
17152018,0.43975767
17152019,0.35824043
17152020,0.21562195
17152021,0.12481559
17152022,0.040892966
17152023,0.34728134
17152101,0.7778719
17152102,0.60269815
17152103,0.6372779
17152104,0.6896885
17152105,0.4127088
17152106,0.56322503
17152107,0.89277285
17152108,0.75726414
17152109,0.5358778
17152201,0.6707306
17152202,0.5240974
17152203,0.93423396
17152204,0.6022175
17152205,0.10085413
17152206,0.852486
17152207,0.74946105
17152208,0.8350974
17152301,4.059651e-05
17152302,0.13628094
17152303,0.11426257
17152304,0.20442764
17152305,0.16303155
17152306,0.91733384
17152307,0.04181765
17152308,0.14573635
17152309,0.049746662
17152310,0.91048825
17152311,0.7530984
17152312,0.0025106035
17152313,0.008075395
17152314,0.00019112637
17152315,0.035352226
17152316,0.0006116326
17152317,0.00014708536
17152318,0.24645689
17152319,0.5411346
17152320,0.57369924
17152321,0.000571503
17152322,0.0075763445
17152401,0.44988742
17152402,0.71975124
17152403,0.2723934
17152404,0.25256076
17152405,0.46297082
17152406,0.7794048
17152407,0.19274294
17152408,0.5260991
17152501,0.18432121
17152502,0.0022180795
17152503,0.0045473524
17152504,0.028821137
17152505,0.18062522
17152506,0.26047122
17152507,0.25242785
17152508,0.019827206
17152509,0.023969917
17152601,0.108673945
17152602,0.064531244
17152603,0.25235578
17152604,0.011839613
17152605,0.18753666
17152606,0.36354944
17152607,0.3275819
17152608,0.17333081
17152609,0.2661835
17152610,0.07657975
17152611,0.55653656
17152612,0.8159008
17152613,0.034145277
17152614,0.023844045
17152615,0.08978872
17152616,0.02105019
17152617,0.07800528
17152618,0.12121425
17152619,0.0046200817
17152701,0.6039929
17152702,0.6137938
17152703,0.023091936
17152704,0.10317558
17152705,0.41025177
17152706,0.1423197
17152707,0.19306208
17152708,0.18332747
17152709,0.75383335
17152710,0.7131308
17152801,0.75086296
17152802,0.28675485
17152803,0.64343584
17152804,0.0037482097
17152805,0.78656167
17152806,0.00054769637
17152807,0.7404886
17152808,0.79642594
17152809,0.56308186
17152901,0.5072536
17152902,0.18333927
17152903,0.65327156
17152904,0.90904605
17152905,0.87232673
17152906,0.43195298
17152907,0.4809921
17152908,0.60476524
17152909,0.6931261
17152910,0.39597544
17152911,0.0468415
17152912,0.0052458714
17152913,0.034724154
17152914,0.016277332
17152915,0.110252045
17152916,0.14316529
17152917,0.03808534
17152918,0.0003755562
17152919,0.32253778
17152920,0.21365975
17152921,0.011153912
17152922,3.3653416e-07
17153001,8.5415434e-07
17153002,7.394511e-05
17153003,0.1651234
17153004,0.13140054
17153005,0.7900703
17153006,0.10519462
17153007,0.067564726
17153008,0.047498435
17153009,0.56966764
17153010,0.31413156
17153011,0.6003481
17153012,0.39976156
17153013,1.271893e-09
17153014,0.000117589196
17153015,0.0057281037
17153016,0.0009780434
17153017,6.2951e-05
17153018,0.008980382
17153019,6.3455285e-05
17153020,0.7250412
17153021,0.7987192
17153101,0.009102267
17153102,0.17964925
17153103,0.11598917
17153104,0.25738394
17153105,0.0009222917
17153106,0.024365468
17153107,0.040585008
17153108,0.02322856
17153109,0.030706972
17153110,0.19195399
17153111,0.00020267926
17153112,0.76602966
17153113,0.006551894
17153114,0.09051059
17153115,0.019536326
17153116,0.0057665855
17153117,0.2703575
17153118,0.07339361
17153119,0.24252489
17153120,0.029184783
17153201,0.064923726
17153202,0.021969274
17153203,0.0052992655
17153204,0.0034389484
17153205,0.0286024
17153206,0.18303157
17153207,0.009975962
17153208,0.12452379
17153209,0.064719066
17153210,0.01250029
17153211,0.0041172644
17153212,0.078458376
17153213,0.00080369407
17153214,0.15295616
17153215,0.050708167
17153216,0.1254638
17153217,0.16284567
17153218,0.013069111
17153219,0.0036212604
17153301,0.6364737
17153302,0.39925876
17153303,0.15491001
17153304,0.84866697
17153305,0.52024424
17153306,0.7204728
17153307,0.50817966
17153308,0.21185455
17153309,0.58930004
17153401,0.2601662
17153402,0.23681891
17153403,0.43500262
17153404,0.2018868
17153405,0.021767957
17153406,0.56482494
17153407,0.2237313
17153408,0.0858924
17153409,0.12970431
17153410,0.02958409
17153411,0.18888037
17153412,0.30155227
17153413,0.7873735
17153414,0.7089621
17153415,0.45797294
17153416,0.0977992
17153417,0.44658396
17153501,0.7404458
17153502,0.44637218
17153503,0.45863914
17153504,0.111947075
17153505,0.117606394
17153506,0.4123847
17153507,0.10249361
17153508,0.46078604
17153509,0.70918405
17153601,0.018996354
17153602,0.33919054
17153603,0.6456924
17153604,0.3449153
17153605,0.0667311
17153606,0.306843
17153607,0.5980746
17153608,0.9253288
17153609,0.27867624
17153701,0.00046803753
17153702,0.06623539
17153703,0.0047649704
17153704,0.05423546
17153705,0.8070031
17153706,0.16632007
17153707,0.3518439
17153708,0.2159988
17153709,0.075523585
17153710,0.5753353
17153711,0.1283528
17153712,0.12397727
17153713,0.3693513
17153714,0.089720115
17153715,0.0073889135
17153716,0.0034478041
17153717,0.027408784
17153801,0.014746698
17153802,0.007883853
17153803,0.0025424107
17153804,0.13144064
17153805,0.060993563
17153806,0.074272126
17153807,0.40548623
17153808,0.050646607
17153809,0.14817518
17153901,0.03398027
17153902,0.01966384
17153903,0.0019456891
17153904,0.080096945
17153905,0.0017732794
17153906,0.041532516
17153907,0.12113922
17153908,0.15048103
17153909,0.09405712
17153910,0.086090095
17153911,0.181091
17153912,0.10192262
17153913,0.12504318
17153914,0.4090156
17153915,0.3171604
17153916,0.29462886
17153917,0.0038356122
17153918,0.015887653
17153919,0.06874105
17153920,0.15999545
17153921,0.30073842
17153922,0.13591766
17153923,0.056378108
17154001,0.630756
17154002,0.7177058
17154003,0.86053467
17154004,0.69223255
17154005,0.33427706
17154006,0.93919855
17154007,0.761862
17154008,0.85390687
17154009,0.6363594
17154101,0.4624186
17154102,0.62474847
17154103,0.29361922
17154104,0.48081434
17154105,0.4562662
17154106,0.37744275
17154107,0.11596707
17154201,0.21335523
17154202,0.18361408
17154203,0.02009457
17154204,0.21744816
17154205,0.6206905
17154206,0.8890809
17154207,0.035047516
17154208,0.87017363
17154301,0.17850994
17154302,0.12873113
17154303,0.10184766
17154304,0.08135906
17154305,0.39132124
17154306,0.35658908
17154307,0.6831643
17154308,0.53496695
17154309,0.02897423
17154310,0.30107832
17154311,0.40779024
17154312,0.0020504138
17154313,0.003801409
17154314,0.23860437
17154315,0.011759048
17154316,0.027823642
17154317,0.004991689
17154318,0.34890047
17154319,0.25998336
17154320,0.37711066
17154321,0.02037948
17154322,0.0015941642
17154323,0.326682
17154401,0.053480193
17154402,0.55553013
17154403,0.13033327
17154404,0.55019474
17154405,0.05188096
17154406,0.5688715
17154407,0.284851
17154408,0.765316
17154409,0.1232769
17154501,0.019811435
17154502,0.2902009
17154503,0.1971772
17154504,0.6833715
17154505,0.12715843
17154506,0.03616077
17154507,0.014582427
17154508,2.3255265e-05
17154509,0.10868661
17154601,0.094845
17154602,0.011952507
17154603,0.06732354
17154604,0.027490295
17154605,0.0072891186
17154606,0.013506476
17154607,0.22856086
17154608,0.2561627
17154609,0.010438848
17154610,0.6534003
17154611,0.01618048
17154612,0.09733703
17154613,0.05011242
17154614,0.092852004
17154615,0.19354284
17154616,0.12886661
17154617,0.20847858
17154618,0.0002091972
17154619,0.0018203981
17154620,2.9684208e-05
17154621,0.0029411847
17154701,0.66277575
17154702,0.45735022
17154703,0.29075584
17154704,0.585223
17154705,0.09588025
17154706,0.0023182067
17154707,0.625428
17154708,0.6421895
17154709,0.16045645
17154710,0.09221707
17154711,0.08606619
17154712,0.105672635
17154713,0.021530787
17154714,0.45461217
17154801,0.10395807
17154802,0.67082083
17154803,0.44264156
17154804,0.7076897
17154805,0.0618778
17154806,0.08561074
17154807,0.23132192
17154808,0.4908651
17154809,0.36320457
17154901,0.3882842
17154902,0.2539384
17154903,0.46780258
17154904,0.38083366
17154905,0.5287758
17154906,0.225847
17154907,0.2916461
17154908,0.13443227
17154909,0.0036268753
17154910,0.83731455
17154911,0.07700675
17154912,0.023580438
17154913,0.074197955
17154914,0.039094597
17154915,0.0030840703
17154916,0.44738483
17154917,0.11367103
17154918,0.0024820664
17154919,0.47837445
17154920,0.17950095
17154921,0.0010981733
17155001,0.052181464
17155002,0.13682906
17155003,0.04306539
17155004,0.6967597
17155005,0.89127785
17155006,0.2554358
17155007,0.19572215
17155008,0.85127497
17155009,0.8724005
17155010,0.32986608
17155011,0.39679718
17155012,0.6911639
17155013,0.0073918416
17155014,0.033086855
17155015,0.014286136
17155016,0.00064858363
17155017,0.04784249
17155018,0.008014765
17155019,0.0032338602
17155020,0.07461625
17155021,0.7412563
17155022,0.27984768
17155023,0.27984768
17155024,0.07929501
17155101,0.2814971
17155102,0.3147181
17155103,0.20970325
17155104,0.78688717
17155105,0.32662687
17155106,0.21771777
17155107,0.2594463
17155108,0.13009396
17155109,0.1696408
17155110,0.060181882
17155111,0.0017534724
17155112,0.25366837
17155113,0.85384893
17155114,0.048072588
17155115,0.00023774905
17155116,0.84367675
17155117,0.089085326
17155118,0.051948942
17155119,0.033244893
17155120,0.037861798
17155121,0.0025203703
17155201,0.03730017
17155202,0.13376756
17155203,0.19008416
17155204,0.13541289
17155205,0.33119807
17155206,0.08170395
17155207,0.16961493
17155208,0.1665934
17155209,0.08139291
17155210,0.03020793
17155211,0.061139032
17155212,0.07048485
17155213,0.0076516974
17155214,0.2753078
17155215,0.0035420305
17155216,0.00048465247
17155217,0.08137701
17155218,0.0010108717
17155219,0.092651956
17155220,0.08299121
17155301,0.6213679
17155302,0.20733738
17155303,0.1854175
17155304,0.014177004
17155305,0.18925595
17155306,0.87546086
17155307,0.75569123
17155308,0.07716087
17155309,0.86401725
17155310,0.15228218
17155401,0.19481137
17155402,0.8726156
17155403,0.7509254
17155404,0.9037076
17155405,0.0007200821
17155406,0.00015286407
17155407,0.0062985066
17155408,0.00087157486
17155409,0.036180902
17155410,0.002790039
17155411,0.0023427457
17155412,0.18211518
17155413,0.7156318
17155414,0.9293518
17155415,0.82466537
17155501,0.4827798
17155502,0.061966278
17155503,0.01583236
17155504,0.0950941
17155505,0.0014090227
17155506,0.015768517
17155507,0.00046450895
17155508,0.0180157
17155509,0.7314246
17155510,0.015939327
17155511,0.06562131
17155512,0.039977092
17155513,0.05331255
17155514,0.54593295
17155515,0.844207
17155516,0.07784715
17155517,0.025164211
17155518,0.3924921
17155519,0.0011075041
17155520,0.42544186
17155521,0.063091464
17155601,0.47761112
17155602,0.5275836
17155603,0.4434923
17155604,0.62387735
17155605,0.14326967
17155606,0.0040547657
17155607,0.02202699
17155608,0.0063067516
17155609,0.051817853
17155701,0.04684285
17155702,0.2803075
17155703,0.711481
17155704,0.5737327
17155705,0.6452352
17155706,0.1120409
17155707,0.52832204
17155708,0.00014425753
17155709,0.3129197
17155710,0.059653312
17155801,0.00091506046
17155802,0.028885411
17155803,0.0012884119
17155804,0.000108499
17155805,0.034731172
17155806,0.96026367
17155807,0.0032204357
17155808,0.8977501
17155809,0.037187893
17155810,0.69206756
17155811,0.74067223
17155812,0.045428365
17155813,0.61592376
17155814,0.8629507
17155815,0.29321852
17155816,0.048555963
17155817,0.00051734765
17155818,0.00035774347
17155819,0.010151304
17155820,0.008568007
17155901,0.03451607
17155902,0.11204719
17155903,0.48253807
17155904,0.24845009
17155905,0.19645503
17155906,0.11229494
17155907,0.11553834
17155908,0.56061786
17155909,0.7446445
17155910,0.3810407
17155911,0.12297404
17155912,0.050086208
17155913,0.18337305
17155914,0.035129305
17155915,0.021860749
17155916,0.14688152
17155917,0.011147634
17156001,0.71153164
17156002,0.5786298
17156003,0.6436013
17156004,0.65428096
17156005,0.61689913
17156006,0.4593628
17156007,0.52262443
17156008,0.8830407
17156009,0.69144434
17156010,0.5432593
17156101,0.17727591
17156102,0.42478645
17156103,0.22634795
17156104,0.35753024
17156105,0.40083867
17156106,0.19451788
17156107,0.23735365
17156108,0.033540312
17156109,0.0003414316
17156110,0.4354686
17156111,0.41807383
17156112,0.59531766
17156113,0.11994909
17156114,0.002381008
17156115,0.09688901
17156116,0.17589335
17156117,0.035336617
17156118,0.026611697
17156119,0.49063084
17156201,0.0005450724
17156202,0.026199019
17156203,0.030226087
17156204,0.039170366
17156205,0.2620525
17156206,0.70288527
17156207,0.014301527
17156208,0.0791876
17156209,0.0032118156
17156210,0.018583992
17156211,0.09173552
17156212,0.18076104
17156213,0.07373671
17156214,0.06373861
17156215,0.027670598
17156216,0.030392168
17156217,0.10124036
17156218,0.02059381
17156219,0.05998042
17156220,0.07646737
17156221,0.6927004
17156222,0.067564905
17156301,0.14194784
17156302,5.0193623e-05
17156303,0.0031147525
17156304,0.004226142
17156305,0.7095141
17156306,0.6402927
17156307,0.0069306092
17156308,0.1446255
17156309,0.03289013
17156310,0.58650666
17156311,0.22441228
17156312,0.24715632
17156313,0.05635418
17156314,0.02517632
17156315,0.016113598
17156316,0.74263287
17156317,0.36510435
17156318,0.20746571
17156319,0.8217332
17156320,0.16828646
17156401,0.6571152
17156402,0.041638255
17156403,0.59320945
17156404,0.9184883
17156405,0.8881994
17156406,0.23385534
17156407,0.029406046
17156408,0.31787965
17156409,0.3468846
17156410,0.31210434
17156501,0.63756406
17156502,0.40889856
17156503,0.63362783
17156504,0.5156548
17156505,0.28261927
17156506,0.5971675
17156507,0.14364785
17156508,0.6070114
17156509,0.5440951
17156510,0.668493
17156601,0.42206365
17156602,0.5800729
17156603,0.8193152
17156604,0.51196945
17156605,0.6323042
17156606,0.5233339
17156701,0.5163508
17156702,0.00976755
17156703,0.48155317
17156704,0.1963621
17156705,0.051573306
17156706,0.54793596
17156707,0.7763587
17156708,0.544591
17156709,0.22482973
17156710,0.37800628
17156711,0.6246035
17156712,0.052583307
17156713,0.3685931
17156714,0.43926033
17156715,0.067206986
17156716,0.8544279
17156717,0.46440542
17156718,0.31434768
17156719,0.82394946
17156720,0.622461
17156721,0.7634964
17156722,0.21358033
17156723,0.5513259
17156724,0.58496195
17156801,0.5980181
17156802,0.20681077
17156803,0.16833599
17156804,0.84559834
17156805,0.66604674
17156806,0.7990629
17156807,0.33713788
17156808,0.6738046
17156809,0.21089247
17156810,0.12959665
17156811,0.038756993
17156812,0.2966537
17156813,0.01429878
17156814,0.8109939
17156815,0.34278452
17156816,0.89325476
17156817,0.6414794
17156818,0.44745582
17156819,0.050943572
17156820,0.5659513
17156821,0.3364426
17156822,0.49210536
17156823,0.5817428
17156824,0.13277411
17156901,0.25901243
17156902,0.02249056
17156903,0.31458354
17156904,0.08013265
17156905,0.0041329474
17156906,0.32957247
17156907,0.06547389
17156908,0.060365845
17156909,0.0015335266
17156910,0.029314151
17156911,0.09838407
17156912,0.006912153
17156913,0.1040663
17156914,0.37732154
17156915,0.61951256
17156916,0.14338824
17156917,0.10145312
17156918,0.31913987
17156919,0.14234163
17157001,0.12075028
17157002,0.06491752
17157003,0.040592678
17157004,0.02977209
17157005,0.04393459
17157006,0.24590713
17157007,0.2331784
17157008,0.5604526
17157009,0.047986753
17157010,0.09355422
17157011,0.15223524
17157012,0.22616622
17157013,0.7554381
17157014,0.024702484
17157015,0.19038026
17157016,0.7838323
17157017,0.15217106
17157018,0.11426856
17157019,0.87872773
17157020,0.6341138
17157101,0.2730656
17157102,0.30172908
17157103,0.06613736
17157104,0.6360268
17157105,0.5336398
17157106,0.52920794
17157107,0.100113794
17157108,0.44508398
17157109,0.49987075
17157110,0.53769964
17157201,0.01872632
17157202,0.016734634
17157203,0.07543728
17157204,0.14377673
17157205,0.3775137
17157206,0.27263626
17157207,0.38055614
17157208,0.6809642
17157209,0.0064258706
17157210,0.0805507
17157211,0.12479434
17157212,0.011640195
17157213,0.054660313
17157214,0.010220533
17157215,0.38499838
17157216,0.029360423
17157217,0.09866086
17157218,0.10562586
17157219,0.031673543
17157220,0.62328935
17157221,0.018359926
17157222,0.20555453
17157223,0.008367972
17157224,0.0067938142
17157225,0.033822097
17157301,0.11213209
17157302,0.0118078105
17157303,0.0060583833
17157304,0.6634177
17157305,0.1261247
17157306,0.06443432
17157307,0.44369972
17157308,0.83055145
17157309,0.68817097
17157310,0.3495611
17157311,0.021351334
17157312,0.056483258
17157313,0.7680629
17157314,0.027277647
17157315,0.03670399
17157316,0.009314306
17157317,0.053216517
17157318,0.07604443
17157319,0.14135456
17157320,0.5431299
17157321,0.0852869
17157322,0.7046497
17157323,0.16080756
17157324,0.45866135
17157325,0.12239931
17157326,0.23336631
17157327,0.598249
17157328,0.28022626
17157329,0.105631426
17157401,0.71422404
17157402,0.54984415
17157403,0.716319
17157404,0.87337667
17157405,0.777139
17157406,0.23153046
17157407,0.72554
17157408,0.9566682
17157409,0.038096167
17157410,0.027366048
17157411,0.37621543
17157412,0.846705
17157413,0.040448118
17157414,0.53083366
17157415,0.13340887
17157416,0.1776328
17157417,0.2660772
17157418,0.09129448
17157419,0.69317174
17157420,0.7560506
17157421,0.044244185
17157501,0.2560215
17157502,0.4824586
17157503,0.50810194
17157504,0.4391745
17157505,0.60396314
17157506,0.011746415
17157507,0.4161161
17157508,0.2892193
17157509,0.5268605
17157510,0.7453236
17157511,0.71763134
17157512,0.6844519
17157513,0.6354377
17157514,0.6153465
17157515,0.74797374
17157516,0.61514294
17157517,0.27081257
17157518,0.0037510686
17157519,0.118349835
17157520,0.040793993
17157521,0.5145689
17157522,0.38845438
17157523,0.4037631
17157601,0.03821669
17157602,0.14044648
17157603,0.051054414
17157604,0.0011742472
17157605,0.5999067
17157606,0.30465847
17157607,0.14018519
17157608,0.109172784
17157609,0.5916506
17157610,0.15554275
17157611,0.20155522
17157612,0.19356228
17157613,0.54446125
17157614,0.47793272
17157615,0.038974296
17157616,0.02448142
17157617,0.16249807
17157618,0.025868667
17157619,0.52012396
17157620,0.11369219
17157621,0.00849366
17157622,0.08736103
17157701,0.25657198
17157702,0.24886471
17157703,0.15675895
17157704,0.06471151
17157705,0.10226366
17157706,0.9131906
17157707,0.816601
17157708,0.45371822
17157709,0.6225191
17157710,0.7634595
17157801,0.077179074
17157802,0.19303575
17157803,0.016616544
17157804,0.004955509
17157805,0.008380961
17157806,0.15973018
17157807,0.7114399
17157808,0.49117202
17157809,0.31108555
17157810,0.34518138
17157811,0.37231988
17157812,0.5405428
17157813,0.074009664
17157814,0.7828308
17157901,0.03715658
17157902,0.0031756805
17157903,0.062462218
17157904,3.8289825e-05
17157905,0.39154
17157906,0.0013405897
17157907,0.10459704
17157908,0.18912771
17157909,0.084943086
17157910,0.03303093
17157911,0.007733906
17157912,0.0032499216
17157913,0.067992754
17157914,0.09182653
17157915,0.018757682
17157916,0.03951675
17157917,0.1202336
17157918,0.046985302
17158001,0.007829719
17158002,0.0121179195
17158003,0.040559597
17158004,0.19332092
17158005,0.09274993
17158006,0.47558144
17158007,0.14347802
17158008,0.69474673
17158009,0.035340793
17158010,0.21293621
17158011,0.37787127
17158012,0.18586878
17158013,0.18064508
17158014,0.25833166
17158015,0.19404478
17158016,0.2223422
17158017,0.038443584
17158018,0.06805457
17158019,0.05178197
17158020,0.30932796
17158021,0.6049601
17158022,0.19449902
17158023,0.13047291
17158024,0.04992801
17158025,0.026429938
17158101,0.2656215
17158102,0.06619556
17158103,0.26484567
17158104,0.027837763
17158105,0.05032203
17158106,0.23105177
17158107,0.006393453
17158108,0.002366472
17158109,0.049229298
17158110,0.00047045565
17158111,0.16024637
17158112,0.00014756566
17158113,0.010708872
17158114,0.016445199
17158115,8.1227015e-05
17158116,0.472574
17158117,0.028590692
17158118,0.029017191
17158119,0.31177106
17158120,0.0050809407
17158121,6.5051913e-06
