17148201,0.53674084
17148202,0.5309915
17148203,0.5676317
17148204,0.44713193
17148205,0.42109486
17148206,0.46125752
17148207,0.39564845
17148208,0.3108458
17148209,0.5482418
17148210,0.6316149
17148301,0.0983801
17148302,0.26409584
17148303,0.3252488
17148304,0.47818345
17148305,0.22677511
17148306,0.24068415
17148307,0.3141031
17148308,0.110519074
17148309,0.13937598
17148310,0.5007775
17148311,0.1524134
17148312,0.3817899
17148313,0.07587048
17148314,0.2916062
17148315,0.1401299
17148316,0.15700963
17148317,0.08125906
17148401,0.35069895
17148402,0.4834476
17148403,0.33118707
17148404,0.38978782
17148405,0.45483157
17148406,0.28755394
17148407,0.30319977
17148408,0.42340046
17148409,0.46721864
17148410,0.24041106
17148501,0.36142996
17148502,0.43263227
17148503,0.50536174
17148504,0.25803638
17148505,0.67863244
17148506,0.57814544
17148507,0.48628226
17148508,0.26437548
17148509,0.21193218
17148601,0.36003903
17148602,0.26272184
17148603,0.323339
17148604,0.32736582
17148605,0.6367954
17148606,0.33544508
17148607,0.33833662
17148608,0.3135484
17148609,0.3321656
17148610,0.24741922
17148611,0.32418656
17148612,0.42099303
17148613,0.4377591
17148614,0.22836658
17148615,0.10948311
17148616,0.26237887
17148617,0.06738622
17148618,0.19476998
17148619,0.3281624
17148620,0.15051968
17148621,0.25835642
17148622,0.26263198
17148623,0.16575254
17148624,0.5551315
17148625,0.34632903
17148626,0.33491912
17148627,0.34119865
17148628,0.27673575
17148629,0.1255501
17148701,0.17281106
17148702,0.42788646
17148703,0.31498885
17148704,0.30727255
17148705,0.12236193
17148706,0.093340136
17148707,0.596164
17148708,0.40297386
17148709,0.61075896
17148710,0.7534661
17148711,0.28941813
17148712,0.2884455
17148713,0.035832636
17148714,0.19792505
17148715,0.013304093
17148716,0.40618932
17148717,0.045046464
17148718,0.5070698
17148719,0.2157261
17148720,0.070960484
17148721,0.44772655
17148801,0.2589413
17148802,0.33844194
17148803,0.20092855
17148804,0.2684314
17148805,0.29847306
17148806,0.37964648
17148807,0.2495737
17148808,0.5719978
17148809,0.4154229
17148901,0.69020826
17148902,0.3538362
17148903,0.61588776
17148904,0.15891473
17148905,0.49430332
17148906,0.25409552
17148907,0.19484723
17148908,0.59003776
17148909,0.62919664
17148910,0.26075312
17148911,0.43775618
17148912,0.29970282
17148913,0.35107097
17148914,0.3761053
17148915,0.37034175
17148916,0.4325856
17148917,0.16283855
17148918,0.5083376
17148919,0.246581
17149001,0.27770007
17149002,0.3570171
17149003,0.19312933
17149004,0.7017323
17149005,0.6112896
17149006,0.27819654
17149007,0.16278638
17149008,0.16159554
17149009,0.43201223
17149010,0.41440353
17149011,0.18343441
17149012,0.28140098
17149013,0.22167653
17149014,0.49031746
17149015,0.29967445
17149016,0.14486599
17149101,0.61538947
17149102,0.3856562
17149103,0.17241922
17149104,0.38919747
17149105,0.22032595
17149106,0.13618532
17149107,0.372598
17149108,0.31779936
17149109,0.14159822
17149110,0.34471557
17149111,0.26290104
17149112,0.37258235
17149113,0.33833882
17149114,0.21092613
17149115,0.30987328
17149116,0.31697783
17149117,0.22552617
17149118,0.4145139
17149119,0.27082497
17149120,0.1396716
17149201,0.3386729
17149202,0.24916524
17149203,0.4392007
17149204,0.10269474
17149205,0.07849479
17149206,0.20569913
17149207,0.4930449
17149208,0.305763
17149209,0.15065521
17149301,0.197994
17149302,0.11709975
17149303,0.40254453
17149304,0.18295588
17149305,0.43334705
17149306,0.060113963
17149307,0.05695004
17149308,0.52050376
17149309,0.1699104
17149310,0.1758175
17149311,0.25323728
17149312,0.09658782
17149313,0.3320374
17149314,0.12923624
17149315,0.1223641
17149316,0.13788939
17149317,0.026198734
17149318,0.13316876
17149319,0.07867965
17149401,0.122526795
17149402,0.22950193
17149403,0.26327547
17149404,0.3258718
17149405,0.36367854
17149406,0.23194659
17149407,0.36182067
17149408,0.3219721
17149501,0.042372037
17149502,0.4075913
17149503,0.24646333
17149504,0.09804468
17149505,0.21290573
17149506,0.13908502
17149507,0.38960874
17149508,0.21803334
17149509,0.2085689
17149510,0.4378409
17149511,0.290504
17149512,0.42992443
17149513,0.3275031
17149514,0.12162911
17149515,0.52143264
17149516,0.29025066
17149517,0.0074158697
17149518,0.018534357
17149519,0.3418579
17149520,0.16276048
17149601,0.6015226
17149602,0.40502682
17149603,0.55689746
17149604,0.6747999
17149605,0.6889758
17149606,0.47240153
17149607,0.62237513
17149608,0.5657485
17149609,0.692592
17149701,0.605139
17149702,0.23755512
17149703,0.605139
17149704,0.35634863
17149705,0.46408677
17149706,0.26557234
17149707,0.5029339
17149708,0.38491008
17149709,0.68172973
17149801,0.07328967
17149802,0.34765375
17149803,0.87627476
17149804,0.6227044
17149805,0.2210209
17149806,0.26257178
17149807,0.14582157
17149808,0.6523507
17149809,0.43225732
17149810,0.10007087
17149901,0.36190414
17149902,0.41458732
17149903,0.14672273
17149904,0.34005812
17149905,0.40506294
17149906,0.4574672
17149907,0.46875536
17149908,0.58688265
17149909,0.5131995
17149910,0.2024855
17149911,0.0771503
17149912,0.10838842
17149913,0.18137713
17149914,0.31102252
17149915,0.08003554
17149916,0.019604748
17149917,0.4107597
17149918,0.1468061
17149919,0.15555581
17149920,0.033440195
17149921,0.23441973
17149922,0.50575733
17149923,0.17210943
17150001,0.14804973
17150002,0.053743973
17150003,0.11147375
17150004,0.041981954
17150005,0.030489085
17150006,0.052314434
17150007,0.035885323
17150008,0.09987548
17150009,0.19584231
17150010,0.2771934
17150011,0.2644743
17150012,0.14239272
17150013,0.5932664
17150014,0.35654265
17150015,0.58064854
17150016,0.19046193
17150017,0.6149852
17150018,0.13134086
17150019,0.400554
17150020,0.2282096
17150021,0.2299094
17150101,0.30632198
17150102,0.25570193
17150103,0.29381412
17150104,0.016655533
17150105,0.23221862
17150106,0.27985293
17150107,0.19870797
17150108,0.46505344
17150109,0.4963194
17150110,0.25961527
17150111,0.26648223
17150112,0.28903067
17150113,0.45698264
17150114,0.23937163
17150115,0.3499188
17150201,0.19590151
17150202,0.39254925
17150203,0.21943714
17150204,0.46557814
17150205,0.34078303
17150206,0.4047531
17150207,0.50800014
17150208,0.18361112
17150209,0.5259605
17150210,0.42504156
17150301,0.019341584
17150302,0.039213784
17150303,0.08724735
17150304,0.335485
17150305,0.19654818
17150306,0.36657143
17150307,0.12673613
17150308,0.25909248
17150309,0.36657143
17150310,0.35433072
17150311,0.43864122
17150312,0.46084538
17150313,0.17394808
17150314,0.15179253
17150315,0.14744857
17150316,0.041790422
17150317,0.04563885
17150401,0.045006454
17150402,0.24496578
17150403,0.031011377
17150404,0.019400299
17150405,0.01331212
17150406,0.49161738
17150407,0.204595
17150408,0.43672788
17150409,0.17590006
17150410,0.3431404
17150411,0.046839867
17150412,0.056851882
17150413,0.10129684
17150414,0.12958436
17150415,0.46919993
17150416,0.079784445
17150417,0.087349705
17150418,0.12349888
17150419,0.61129695
17150420,0.25808394
17150421,0.31452006
17150422,0.07639973
17150423,0.20436612
17150501,0.124700725
17150502,0.4447951
17150503,0.46893
17150504,0.1323828
17150505,0.45406243
17150506,0.23185596
17150507,0.233877
17150508,0.5027466
17150509,0.23245995
17150510,0.35182092
17150511,0.39310348
17150512,0.36394477
17150513,0.51888347
17150514,0.30816668
17150515,0.46358246
17150516,0.2909078
17150517,0.4380927
17150518,0.22403292
17150519,0.35059083
17150520,0.13100587
17150521,0.19136734
17150522,0.08913256
17150523,0.049853425
17150601,0.5452019
17150602,0.39119607
17150603,0.3520094
17150604,0.28839916
17150605,0.34714696
17150606,0.481454
17150607,0.4384202
17150608,0.5432147
17150609,0.11452693
17150610,0.44771278
17150701,0.38603193
17150702,0.5926384
17150703,0.50023437
17150704,0.5529228
17150705,0.3999871
17150706,0.28235286
17150707,0.6292765
17150708,0.5487041
17150709,0.32143205
17150710,0.22991765
17150711,0.36322907
17150712,0.43460092
17150713,0.25636378
17150714,0.34102377
17150715,0.24338391
17150716,0.052588485
17150717,0.46811208
17150718,0.28441915
17150719,0.3527915
17150720,0.055932328
17150801,0.14411126
17150802,0.19400485
17150803,0.3901456
17150804,0.25842685
17150805,0.51310277
17150806,0.10676164
17150807,0.35838988
17150808,0.57341707
17150809,0.07569486
17150810,0.27926737
17150901,0.6191818
17150902,0.58235407
17150903,0.5169817
17150904,0.040816303
17150905,0.07862399
17150906,0.07371317
17150907,0.20613438
17150908,0.07153899
17150909,0.11321808
17150910,0.46864936
17150911,0.426547
17150912,0.097352155
17150913,0.6370967
17150914,0.38736308
17150915,0.22118795
17150916,0.16946457
17150917,0.57475245
17150918,0.35064468
17150919,0.37847072
17150920,0.36200744
17151001,0.14404388
17151002,0.14754288
17151003,0.028059654
17151004,0.26384264
17151005,0.34178954
17151006,0.27203012
17151007,0.44590694
17151008,0.5110843
17151009,0.054213334
17151010,0.049363397
17151011,0.24577634
17151012,0.24590461
17151013,0.42702368
17151014,0.19474696
17151015,0.41234356
17151016,0.319535
17151017,0.28861374
17151018,0.21576965
17151019,0.38349962
17151020,0.26353317
17151021,0.5000724
17151022,0.032800578
17151023,0.117392674
17151024,0.08442459
17151101,0.1517259
17151102,0.09718376
17151103,0.1083736
17151104,0.10157365
17151105,0.70212966
17151106,0.31151977
17151107,0.10998353
17151108,0.16835815
17151201,0.050825298
17151202,0.1690124
17151203,0.38060343
17151204,0.047970884
17151205,0.23963034
17151206,0.08959266
17151207,0.23463726
17151208,0.021241575
17151209,0.28834623
17151210,0.2208286
17151211,0.67448735
17151212,0.30493864
17151213,0.20750178
17151214,0.34428483
17151215,0.2021365
17151216,0.4536072
17151217,0.20321354
17151218,0.18516783
17151219,0.009173307
17151220,0.04718226
17151221,0.21654084
17151301,0.39885566
17151302,0.36708188
17151303,0.15325724
17151304,0.59902984
17151305,0.25283676
17151306,0.50761455
17151307,0.23530859
17151308,0.33630934
17151309,0.44407928
17151310,0.29391375
17151401,0.18398267
17151402,0.061487906
17151403,0.26151502
17151404,0.15676355
17151405,0.13064644
17151406,0.1471235
17151407,0.018078547
17151408,0.025643611
17151409,0.7037485
17151410,0.04801593
17151411,0.060392965
17151412,0.097964086
17151413,0.07368466
17151414,0.09104644
17151415,0.084485784
17151416,0.12265332
17151417,0.026811074
17151418,0.30734625
17151419,0.5145673
17151420,0.17601576
17151421,0.56609297
17151422,0.26618627
17151423,0.39723322
17151424,0.19261318
17151501,0.247879
17151502,0.104670085
17151503,0.2655954
17151504,0.16067667
17151505,0.78786564
17151506,0.14521892
17151507,0.14585452
17151508,0.33292228
17151509,0.6623599
17151510,0.51216626
17151601,0.3430717
17151602,0.15529987
17151603,0.7227457
17151604,0.631837
17151605,0.5270892
17151606,0.49254948
17151607,0.1948808
17151608,0.3963903
17151609,0.65569913
17151610,0.15808699
17151701,0.10408556
17151702,0.3034029
17151703,0.27468032
17151704,0.06882698
17151705,0.33647147
17151706,0.38812953
17151707,0.30910793
17151708,0.2668247
17151709,0.52695966
17151710,0.31060532
17151711,0.17265768
17151712,0.4621375
17151713,0.067409314
17151714,0.09615361
17151715,0.050299168
17151716,0.048396785
17151717,0.24550979
17151718,0.068190016
17151719,0.14595784
17151720,0.2105655
17151721,0.13724725
17151801,0.3286094
17151802,0.15413818
17151803,0.22812398
17151804,0.50830424
17151805,0.4857666
17151806,0.23310715
17151807,0.18445416
17151808,0.15453756
17151809,0.4874155
17151810,0.18785414
17151811,0.21892203
17151812,0.19822976
17151813,0.08074979
17151814,0.3845173
17151815,0.17476916
17151816,0.19567786
17151817,0.24823438
17151818,0.27042878
17151819,0.30462313
17151820,0.15144372
17151821,0.04869499
17151901,0.1997619
17151902,0.55481464
17151903,0.056066886
17151904,0.23184207
17151905,0.24825242
17151906,0.32539654
17151907,0.23692586
17151908,0.46522665
17151909,0.2826534
17151910,0.015637446
17152001,0.29485902
17152002,0.04569979
17152003,0.09376344
17152004,0.4371884
17152005,0.45339
17152006,0.44054753
17152007,0.34638238
17152008,0.10434597
17152009,0.009069417
17152010,0.15810157
17152011,0.37092236
17152012,0.313972
17152013,0.13117568
17152014,0.40083155
17152015,0.15836698
17152016,0.34001082
17152017,0.047176804
17152018,0.34746456
17152019,0.23800516
17152020,0.38606873
17152021,0.36561707
17152022,0.060842913
17152023,0.16132486
17152101,0.30205157
17152102,0.21262491
17152103,0.5354658
17152104,0.28842834
17152105,0.16313551
17152106,0.19589156
17152107,0.30967563
17152108,0.27157733
17152109,0.15317926
17152201,0.609993
17152202,0.40273827
17152203,0.5624593
17152204,0.04552067
17152205,0.1501584
17152206,0.43703058
17152207,0.3041079
17152208,0.33077496
17152301,0.022924805
17152302,0.13844477
17152303,0.5279338
17152304,0.11241911
17152305,0.16802761
17152306,0.21790223
17152307,0.20339084
17152308,0.099224456
17152309,0.08038614
17152310,0.16690525
17152311,0.2813618
17152312,0.09815151
17152313,0.022961238
17152314,0.065439306
17152315,0.017036244
17152316,0.069270425
17152317,0.012501021
17152318,0.29719234
17152319,0.19819061
17152320,0.15744781
17152321,0.046402603
17152322,0.036856737
17152401,0.47214726
17152402,0.59702724
17152403,0.49197876
17152404,0.24330705
17152405,0.59208006
17152406,0.50340587
17152407,0.25378233
17152408,0.39703485
17152501,0.2700309
17152502,0.36964232
17152503,0.36458418
17152504,0.16231771
17152505,0.2719118
17152506,0.4480627
17152507,0.30060944
17152508,0.13086975
17152509,0.42436776
17152601,0.33888376
17152602,0.5116191
17152603,0.6243824
17152604,0.09407049
17152605,0.17192733
17152606,0.52700955
17152607,0.6304425
17152608,0.5536837
17152609,0.30789983
17152610,0.21727538
17152611,0.28967553
17152612,0.536631
17152613,0.09938746
17152614,0.48912597
17152615,0.29626593
17152616,0.14217763
17152617,0.31356794
17152618,0.26883888
17152619,0.025834937
17152701,0.68473345
17152702,0.020680804
17152703,0.33926132
17152704,0.103095554
17152705,0.23375967
17152706,0.1307476
17152707,0.18765707
17152708,0.24591096
17152709,0.17986308
17152710,0.5005695
17152801,0.52483284
17152802,0.53870535
17152803,0.24857186
17152804,0.41599634
17152805,0.3586855
17152806,0.4025619
17152807,0.23787625
17152808,0.50646
17152809,0.40983602
17152901,0.5917223
17152902,0.5536366
17152903,0.7102605
17152904,0.5718746
17152905,0.6607129
17152906,0.4627189
17152907,0.5949659
17152908,0.62889385
17152909,0.5973913
17152910,0.6447313
17152911,0.08259851
17152912,0.4129974
17152913,0.28494626
17152914,0.20556086
17152915,0.2241884
17152916,0.3482133
17152917,0.24864914
17152918,0.09124928
17152919,0.63028294
17152920,0.54611856
17152921,0.20137525
17152922,0.10277673
17153001,0.007734045
17153002,0.11876195
17153003,0.24996251
17153004,0.36955008
17153005,0.83634484
17153006,0.29103202
17153007,0.26039827
17153008,0.3303667
17153009,0.71068877
17153010,0.39049757
17153011,0.17867394
17153012,0.27987194
17153013,0.017480198
17153014,0.008671583
17153015,0.0026586459
17153016,0.04288023
17153017,0.051655915
17153018,0.013631012
17153019,0.03247833
17153020,0.30735573
17153021,0.5593723
17153101,0.10162843
17153102,0.10770568
17153103,0.061614845
17153104,0.11767559
17153105,0.029704642
17153106,0.029287726
17153107,0.035441827
17153108,0.0908104
17153109,0.12940909
17153110,0.060495276
17153111,0.081271075
17153112,0.110494554
17153113,0.051703066
17153114,0.04501011
17153115,0.119358964
17153116,0.016113583
17153117,0.14455658
17153118,0.06025177
17153119,0.12212412
17153120,0.05071847
17153201,0.5070815
17153202,0.4544458
17153203,0.2750566
17153204,0.26203048
17153205,0.15226205
17153206,0.5171504
17153207,0.27939856
17153208,0.2217533
17153209,0.5171504
17153210,0.20410293
17153211,0.22230363
17153212,0.2410764
17153213,0.47976103
17153214,0.24327773
17153215,0.11292276
17153216,0.30814967
17153217,0.1831333
17153218,0.12759814
17153219,0.03827113
17153301,0.3742365
17153302,0.21766946
17153303,0.10434528
17153304,0.20428894
17153305,0.380984
17153306,0.33793527
17153307,0.3247007
17153308,0.21631955
17153309,0.39389622
17153401,0.3919396
17153402,0.1281161
17153403,0.47429946
17153404,0.4568039
17153405,0.36319327
17153406,0.5310348
17153407,0.40739292
17153408,0.32157
17153409,0.2616258
17153410,0.21189389
17153411,0.64183533
17153412,0.51903486
17153413,0.5649199
17153414,0.49585247
17153415,0.55028784
17153416,0.33913293
17153417,0.36277175
17153501,0.6681215
17153502,0.55121624
17153503,0.6337227
17153504,0.5949515
17153505,0.45379016
17153506,0.67746323
17153507,0.36928362
17153508,0.6012221
17153509,0.5517077
17153601,0.40052968
17153602,0.27405223
17153603,0.31039828
17153604,0.36129016
17153605,0.10793881
17153606,0.21699104
17153607,0.33008298
17153608,0.79846525
17153609,0.1576982
17153701,0.03960508
17153702,0.06862066
17153703,0.037984572
17153704,0.22077891
17153705,0.5949691
17153706,0.4908062
17153707,0.38304174
17153708,0.35537595
17153709,0.13077587
17153710,0.57697064
17153711,0.5041595
17153712,0.07158093
17153713,0.43065295
17153714,0.17853616
17153715,0.059100516
17153716,0.10304119
17153717,0.050442047
17153801,0.19113378
17153802,0.19905736
17153803,0.101778634
17153804,0.29944497
17153805,0.2716939
17153806,0.23508337
17153807,0.5508546
17153808,0.12895022
17153809,0.50207937
17153901,0.21063295
17153902,0.54704624
17153903,0.31148717
17153904,0.39644507
17153905,0.38585734
17153906,0.23824623
17153907,0.1714785
17153908,0.05304894
17153909,0.13742746
17153910,0.371731
17153911,0.12948008
17153912,0.21812606
17153913,0.25663945
17153914,0.06508454
17153915,0.2390617
17153916,0.10504621
17153917,0.21152416
17153918,0.122612335
17153919,0.10743805
17153920,0.08964403
17153921,0.17581643
17153922,0.15198004
17153923,0.096182264
17154001,0.22570242
17154002,0.2762815
17154003,0.237647
17154004,0.18432716
17154005,0.18869479
17154006,0.2732879
17154007,0.22043629
17154008,0.1359755
17154009,0.2540284
17154101,0.58852416
17154102,0.3063993
17154103,0.45144984
17154104,0.47277224
17154105,0.50812197
17154106,0.5451813
17154107,0.5310849
17154201,0.29646492
17154202,0.17619282
17154203,0.27959612
17154204,0.20550595
17154205,0.28518286
17154206,0.25456226
17154207,0.27959353
17154208,0.098456055
17154301,0.4869763
17154302,0.3077275
17154303,0.24275032
17154304,0.174799
17154305,0.3217263
17154306,0.14688608
17154307,0.32024723
17154308,0.41499564
17154309,0.3491956
17154310,0.5162867
17154311,0.32121015
17154312,0.11874389
17154313,0.07792599
17154314,0.5489228
17154315,0.23107345
17154316,0.15198848
17154317,0.19706447
17154318,0.43260014
17154319,0.2652851
17154320,0.50133055
17154321,0.09426957
17154322,0.075480744
17154323,0.21163619
17154401,0.06338001
17154402,0.30860624
17154403,0.24142042
17154404,0.2960872
17154405,0.09457037
17154406,0.41251138
17154407,0.20780045
17154408,0.2712503
17154409,0.23052794
17154501,0.15638815
17154502,0.52999663
17154503,0.23439042
17154504,0.22234717
17154505,0.24217677
17154506,0.19011012
17154507,0.222361
17154508,0.27168486
17154509,0.32865426
17154601,0.09804425
17154602,0.056555808
17154603,0.28705063
17154604,0.016898546
17154605,0.054899734
17154606,0.20578015
17154607,0.16393407
17154608,0.39721042
17154609,0.115843795
17154610,0.39003888
17154611,0.029822242
17154612,0.16017832
17154613,0.12285468
17154614,0.32394728
17154615,0.40670604
17154616,0.55839473
17154617,0.096766874
17154618,0.046916336
17154619,0.023886729
17154620,0.04921186
17154621,0.07454842
17154701,0.475396
17154702,0.39004597
17154703,0.25807855
17154704,0.44066486
17154705,0.2782344
17154706,0.037401028
17154707,0.5238862
17154708,0.74698246
17154709,0.15415607
17154710,0.3937525
17154711,0.41685036
17154712,0.36408037
17154713,0.16571985
17154714,0.5442299
17154801,0.15912867
17154802,0.35916921
17154803,0.4258011
17154804,0.35805804
17154805,0.16076481
17154806,0.5744898
17154807,0.21713096
17154808,0.26536274
17154809,0.3543449
17154901,0.2443035
17154902,0.46247336
17154903,0.13197282
17154904,0.13773665
17154905,0.38148707
17154906,0.14786121
17154907,0.24204381
17154908,0.41756538
17154909,0.052335113
17154910,0.3368327
17154911,0.13477446
17154912,0.25005186
17154913,0.09743868
17154914,0.2423169
17154915,0.0388308
17154916,0.33054948
17154917,0.33877406
17154918,0.06358778
17154919,0.112058766
17154920,0.3320516
17154921,0.037683886
17155001,0.0746179
17155002,0.07949502
17155003,0.026682906
17155004,0.47344407
17155005,0.4497565
17155006,0.03703089
17155007,0.023281422
17155008,0.36804512
17155009,0.28500608
17155010,0.102708936
17155011,0.13477606
17155012,0.37688953
17155013,0.014046712
17155014,0.10248168
17155015,0.05289313
17155016,0.1021403
17155017,0.08717173
17155018,0.13602883
17155019,0.08955304
17155020,0.08776312
17155021,0.26416028
17155022,0.09221987
17155023,0.09221987
17155024,0.038611818
17155101,0.21349987
17155102,0.32172942
17155103,0.26387042
17155104,0.27384156
17155105,0.20615786
17155106,0.17766942
17155107,0.3608857
17155108,0.62292075
17155109,0.13843057
17155110,0.3494598
17155111,0.10097732
17155112,0.22402151
17155113,0.44361866
17155114,0.17290424
17155115,0.33563292
17155116,0.33365694
17155117,0.17986375
17155118,0.17763074
17155119,0.118691094
17155120,0.20121013
17155121,0.123512715
17155201,0.26201317
17155202,0.5284266
17155203,0.5602515
17155204,0.36783957
17155205,0.41120818
17155206,0.41289574
17155207,0.52602994
17155208,0.43390128
17155209,0.55300534
17155210,0.5021438
17155211,0.2803527
17155212,0.37507206
17155213,0.031399503
17155214,0.33791968
17155215,0.082072176
17155216,0.07459377
17155217,0.28127497
17155218,0.17328417
17155219,0.48958123
17155220,0.13770016
17155301,0.2762695
17155302,0.3210965
17155303,0.2771414
17155304,0.22710012
17155305,0.24500592
17155306,0.600892
17155307,0.17165366
17155308,0.20394982
17155309,0.36405912
17155310,0.222605
17155401,0.057742443
17155402,0.4638927
17155403,0.54613835
17155404,0.5532285
17155405,0.047972724
17155406,0.018599097
17155407,0.13735916
17155408,0.072659224
17155409,0.07648594
17155410,0.020662593
17155411,0.056312274
17155412,0.11639883
17155413,0.2491705
17155414,0.5323795
17155415,0.41857603
17155501,0.3171093
17155502,0.28968045
17155503,0.18027803
17155504,0.2508133
17155505,0.026642105
17155506,0.050530244
17155507,0.038312916
17155508,0.42687476
17155509,0.24639128
17155510,0.18617515
17155511,0.27691635
17155512,0.23129375
17155513,0.04869839
17155514,0.44322076
17155515,0.6285965
17155516,0.33149156
17155517,0.3110698
17155518,0.40666226
17155519,0.031251546
17155520,0.22421074
17155521,0.30037847
17155601,0.27299088
17155602,0.49520352
17155603,0.21951267
17155604,0.51994014
17155605,0.05885072
17155606,0.22456564
17155607,0.3896933
17155608,0.22854804
17155609,0.24694178
17155701,0.13434999
17155702,0.2186874
17155703,0.2968199
17155704,0.38883838
17155705,0.38122642
17155706,0.11354232
17155707,0.5961416
17155708,0.27775642
17155709,0.5081074
17155710,0.08142232
17155801,0.040205345
17155802,0.07103156
17155803,0.08823263
17155804,0.110822275
17155805,0.040850088
17155806,0.52385986
17155807,0.14206783
17155808,0.4618459
17155809,0.0758189
17155810,0.37885132
17155811,0.29144338
17155812,0.14639199
17155813,0.3321273
17155814,0.47197807
17155815,0.08781636
17155816,0.02859975
17155817,0.026578324
17155818,0.08279678
17155819,0.026083339
17155820,0.07327325
17155901,0.2823987
17155902,0.36393383
17155903,0.19219768
17155904,0.47503763
17155905,0.4281842
17155906,0.3862502
17155907,0.123572946
17155908,0.48716936
17155909,0.7509796
17155910,0.4557329
17155911,0.12296505
17155912,0.45027617
17155913,0.1356599
17155914,0.02194541
17155915,0.28374463
17155916,0.38307887
17155917,0.09547431
17156001,0.35821933
17156002,0.55689627
17156003,0.6356227
17156004,0.5744532
17156005,0.6791461
17156006,0.39301422
17156007,0.514835
17156008,0.5535789
17156009,0.51829374
17156010,0.54466677
17156101,0.25124833
17156102,0.5801869
17156103,0.3780715
17156104,0.33265525
17156105,0.4936651
17156106,0.5906331
17156107,0.42424953
17156108,0.13045195
17156109,0.44844055
17156110,0.3774833
17156111,0.46241322
17156112,0.2993393
17156113,0.068140835
17156114,0.10468131
17156115,0.28063
17156116,0.2909709
17156117,0.19729178
17156118,0.097513884
17156119,0.3670915
17156201,0.02472009
17156202,0.046853125
17156203,0.15401088
17156204,0.049948793
17156205,0.29961288
17156206,0.07744017
17156207,0.18131196
17156208,0.057314545
17156209,0.017945591
17156210,0.11307394
17156211,0.11651028
17156212,0.3238808
17156213,0.11578498
17156214,0.12180613
17156215,0.084230006
17156216,0.17031944
17156217,0.07541195
17156218,0.33813214
17156219,0.14465243
17156220,0.54317206
17156221,0.29979196
17156222,0.041724388
17156301,0.14675762
17156302,0.040928263
17156303,0.097672336
17156304,0.36807892
17156305,0.30373657
17156306,0.2009562
17156307,0.08204951
17156308,0.2249521
17156309,0.04995788
17156310,0.42019254
17156311,0.18685545
17156312,0.3940018
17156313,0.25085256
17156314,0.16676281
17156315,0.18528362
17156316,0.36724523
17156317,0.35516843
17156318,0.33973718
17156319,0.54420763
17156320,0.42298388
17156401,0.21347879
17156402,0.28043276
17156403,0.45743802
17156404,0.46139547
17156405,0.32106033
17156406,0.23605077
17156407,0.20601177
17156408,0.20609106
17156409,0.31957644
17156410,0.3542021
17156501,0.57405686
17156502,0.6183165
17156503,0.6704665
17156504,0.63164586
17156505,0.49259886
17156506,0.6308549
17156507,0.32243535
17156508,0.6183165
17156509,0.6635502
17156510,0.48131898
17156601,0.2704287
17156602,0.5222385
17156603,0.58103853
17156604,0.24689461
17156605,0.20607683
17156606,0.6049215
17156701,0.514939
17156702,0.4053656
17156703,0.75388145
17156704,0.17571302
17156705,0.33905724
17156706,0.63230443
17156707,0.47961903
17156708,0.64165837
17156709,0.4382086
17156710,0.43641537
17156711,0.4471299
17156712,0.17397706
17156713,0.4364802
17156714,0.76383597
17156715,0.18357784
17156716,0.47101766
17156717,0.56620437
17156718,0.51229954
17156719,0.7684629
17156720,0.9355462
17156721,0.79921836
17156722,0.616223
17156723,0.5558117
17156724,0.6262456
17156801,0.4532935
17156802,0.13561895
17156803,0.23448086
17156804,0.4698256
17156805,0.68246764
17156806,0.5704446
17156807,0.23989406
17156808,0.5912964
17156809,0.3336642
17156810,0.3080796
17156811,0.1948458
17156812,0.41806775
17156813,0.090994544
17156814,0.6511184
17156815,0.047875095
17156816,0.55008256
17156817,0.5307012
17156818,0.1522044
17156819,0.26769626
17156820,0.40165627
17156821,0.13191934
17156822,0.06258099
17156823,0.3723456
17156824,0.037981812
17156901,0.3800777
17156902,0.31595954
17156903,0.11438163
17156904,0.57801896
17156905,0.04608386
17156906,0.21188515
17156907,0.26197153
17156908,0.111895874
17156909,0.05496006
17156910,0.317908
17156911,0.30451545
17156912,0.119113386
17156913,0.54318213
17156914,0.39079264
17156915,0.39683318
17156916,0.4842398
17156917,0.26200202
17156918,0.14291811
17156919,0.1860825
17157001,0.15323122
17157002,0.26445907
17157003,0.17138079
17157004,0.27690884
17157005,0.1316703
17157006,0.37138802
17157007,0.46763784
17157008,0.5430672
17157009,0.11671256
17157010,0.3228349
17157011,0.37283444
17157012,0.27123645
17157013,0.7180177
17157014,0.09742326
17157015,0.13157885
17157016,0.7261389
17157017,0.116442345
17157018,0.34817824
17157019,0.6628718
17157020,0.51816237
17157101,0.26391375
17157102,0.20258518
17157103,0.33810407
17157104,0.11583252
17157105,0.50686526
17157106,0.4292854
17157107,0.15986377
17157108,0.61481833
17157109,0.5200389
17157110,0.46500394
17157201,0.21247725
17157202,0.28834903
17157203,0.14449906
17157204,0.2041771
17157205,0.22457293
17157206,0.39604303
17157207,0.2045675
17157208,0.40574032
17157209,0.3923006
17157210,0.3254847
17157211,0.31879112
17157212,0.12084519
17157213,0.4342901
17157214,0.07318723
17157215,0.44210154
17157216,0.23485123
17157217,0.2715084
17157218,0.15561883
17157219,0.28381568
17157220,0.2589675
17157221,0.23757318
17157222,0.54613876
17157223,0.0537455
17157224,0.14294174
17157225,0.08501834
17157301,0.23571713
17157302,0.072337866
17157303,0.15494335
17157304,0.30105802
17157305,0.29436252
17157306,0.3535932
17157307,0.0918594
17157308,0.24085633
17157309,0.2657377
17157310,0.28649297
17157311,0.20222054
17157312,0.36455458
17157313,0.064517125
17157314,0.03881508
17157315,0.042899683
17157316,0.10389262
17157317,0.385707
17157318,0.16622068
17157319,0.256786
17157320,0.19082446
17157321,0.24090323
17157322,0.26101357
17157323,0.26587334
17157324,0.40754515
17157325,0.2759161
17157326,0.21517377
17157327,0.19947304
17157328,0.066298135
17157329,0.2703681
17157401,0.419653
17157402,0.4144702
17157403,0.3585539
17157404,0.3499543
17157405,0.32072043
17157406,0.048209473
17157407,0.33216602
17157408,0.52930796
17157409,0.021924494
17157410,0.109234735
17157411,0.040710695
17157412,0.30753154
17157413,0.20242323
17157414,0.10459353
17157415,0.047428112
17157416,0.026992196
17157417,0.12965901
17157418,0.04874153
17157419,0.09582375
17157420,0.1831787
17157421,0.04280706
17157501,0.53200215
17157502,0.41885322
17157503,0.5648366
17157504,0.09171506
17157505,0.41752166
17157506,0.25883147
17157507,0.31010547
17157508,0.2892528
17157509,0.4927733
17157510,0.071398996
17157511,0.4865808
17157512,0.4908085
17157513,0.43463877
17157514,0.45773184
17157515,0.5278983
17157516,0.54187083
17157517,0.5170611
17157518,0.14658286
17157519,0.39708567
17157520,0.30530283
17157521,0.5948659
17157522,0.33716694
17157523,0.10356729
17157601,0.09844918
17157602,0.16251336
17157603,0.22605588
17157604,0.25282505
17157605,0.3967318
17157606,0.24055436
17157607,0.35807985
17157608,0.24480855
17157609,0.35623387
17157610,0.24061616
17157611,0.29037312
17157612,0.52876353
17157613,0.20835026
17157614,0.21931107
17157615,0.10312035
17157616,0.013128955
17157617,0.03648513
17157618,0.01347301
17157619,0.32104304
17157620,0.04283975
17157621,0.052340172
17157622,0.010883524
17157701,0.09102282
17157702,0.28147176
17157703,0.19449739
17157704,0.2504619
17157705,0.23704065
17157706,0.5265141
17157707,0.53199506
17157708,0.18678442
17157709,0.41150776
17157710,0.5757709
17157801,0.37472615
17157802,0.28177267
17157803,0.36472386
17157804,0.28029668
17157805,0.26345617
17157806,0.34456927
17157807,0.2956968
17157808,0.3628606
17157809,0.39943266
17157810,0.23635493
17157811,0.34711346
17157812,0.35204905
17157813,0.015179723
17157814,0.5872649
17157901,0.04857281
17157902,0.12505288
17157903,0.022749815
17157904,0.03586321
17157905,0.20303898
17157906,0.027048318
17157907,0.071979746
17157908,0.16523497
17157909,0.11301332
17157910,0.1118525
17157911,0.112105586
17157912,0.03282731
17157913,0.039150488
17157914,0.078319415
17157915,0.20448904
17157916,0.093981385
17157917,0.097665645
17157918,0.09288667
17158001,0.082307406
17158002,0.34913892
17158003,0.048542667
17158004,0.22456357
17158005,0.3975196
17158006,0.33528268
17158007,0.66958827
17158008,0.16150086
17158009,0.27421787
17158010,0.2909431
17158011,0.7659643
17158012,0.35105234
17158013,0.2755013
17158014,0.44282436
17158015,0.38382608
17158016,0.26819423
17158017,0.031006506
17158018,0.25791764
17158019,0.38911673
17158020,0.33102185
17158021,0.6116438
17158022,0.37192363
17158023,0.44583857
17158024,0.43737757
17158025,0.35218254
17158101,0.34088525
17158102,0.10408071
17158103,0.12036066
17158104,0.17165604
17158105,0.28401032
17158106,0.17460662
17158107,0.05079322
17158108,0.05424561
17158109,0.012683937
17158110,0.3011975
17158111,0.14653395
17158112,0.159615
17158113,0.17500868
17158114,0.01866814
17158115,0.045944393
17158116,0.34035933
17158117,0.03784683
17158118,0.24053378
17158119,0.33863837
17158120,0.09481752
17158121,0.15100674
