17148201,0.6534633
17148202,0.7747939
17148203,0.7064128
17148204,0.5380238
17148205,0.8297818
17148206,0.675406
17148207,0.54600793
17148208,0.72460556
17148209,0.62150735
17148210,0.60895336
17148301,0.6053561
17148302,0.7432479
17148303,0.6156758
17148304,0.6426683
17148305,0.5548117
17148306,0.9016119
17148307,0.7781021
17148308,0.55561984
17148309,0.5309525
17148310,0.53633374
17148311,0.88364017
17148312,0.53743166
17148313,0.9639717
17148314,0.7713929
17148315,0.58007735
17148316,0.81202483
17148317,0.94930106
17148401,0.8427313
17148402,0.5590686
17148403,0.8522965
17148404,0.82598484
17148405,0.7770079
17148406,0.8701122
17148407,0.90440834
17148408,0.784893
17148409,0.5901698
17148410,0.87557125
17148501,0.72186005
17148502,0.6860997
17148503,0.6432503
17148504,0.8190598
17148505,0.78629524
17148506,0.6285564
17148507,0.60056037
17148508,0.77922696
17148509,0.63843966
17148601,0.8779847
17148602,0.82752985
17148603,0.78495026
17148604,0.5466838
17148605,0.6064998
17148606,0.6960445
17148607,0.80512446
17148608,0.7875856
17148609,0.7223915
17148610,0.90708995
17148611,0.6579294
17148612,0.65821296
17148613,0.69285
17148614,0.8497908
17148615,0.89479476
17148616,0.87365407
17148617,0.9487626
17148618,0.9255755
17148619,0.6611226
17148620,0.8697849
17148621,0.82473785
17148622,0.75017357
17148623,0.9478851
17148624,0.7213794
17148625,0.73238564
17148626,0.7553226
17148627,0.72446513
17148628,0.7532976
17148629,0.9709075
17148701,0.66070294
17148702,0.5586422
17148703,0.5451262
17148704,0.5126079
17148705,0.9267167
17148706,0.6617256
17148707,0.9102479
17148708,0.57980263
17148709,0.8715132
17148710,0.7422176
17148711,0.6165621
17148712,0.5028955
17148713,0.77997553
17148714,0.87886333
17148715,0.9368102
17148716,0.6446596
17148717,0.63967055
17148718,0.6986395
17148719,0.686806
17148720,0.7725439
17148721,0.56133103
17148801,0.67614967
17148802,0.7427765
17148803,0.906016
17148804,0.74159867
17148805,0.5082684
17148806,0.8165347
17148807,0.7219644
17148808,0.5038767
17148809,0.6307125
17148901,0.9197079
17148902,0.84179485
17148903,0.53519154
17148904,0.9604735
17148905,0.7180573
17148906,0.93332434
17148907,0.8882874
17148908,0.71827656
17148909,0.63242424
17148910,0.95567995
17148911,0.86955404
17148912,0.92430717
17148913,0.78209347
17148914,0.77566534
17148915,0.9237455
17148916,0.9611112
17148917,0.96978813
17148918,0.6228184
17148919,0.9172474
17149001,0.86693114
17149002,0.5229478
17149003,0.7923569
17149004,0.7458246
17149005,0.6649167
17149006,0.8863248
17149007,0.74529284
17149008,0.67704374
17149009,0.6805726
17149010,0.66548115
17149011,0.8097974
17149012,0.76994735
17149013,0.7827937
17149014,0.50603724
17149015,0.6066323
17149016,0.6572499
17149101,0.76938844
17149102,0.66491854
17149103,0.9195473
17149104,0.77098
17149105,0.91465807
17149106,0.9931011
17149107,0.83823556
17149108,0.80711955
17149109,0.90749675
17149110,0.7943925
17149111,0.8965107
17149112,0.65152353
17149113,0.5603315
17149114,0.89136326
17149115,0.82831407
17149116,0.7662605
17149117,0.91363716
17149118,0.63848096
17149119,0.87471294
17149120,0.8553092
17149201,0.948614
17149202,0.75733256
17149203,0.7923549
17149204,0.59267473
17149205,0.94662595
17149206,0.8587125
17149207,0.73374766
17149208,0.79734635
17149209,0.86925817
17149301,0.7383857
17149302,0.88369507
17149303,0.742231
17149304,0.81995
17149305,0.6223927
17149306,0.9552204
17149307,0.9591024
17149308,0.6994188
17149309,0.82003474
17149310,0.7841462
17149311,0.60742337
17149312,0.92422324
17149313,0.5824119
17149314,0.6844687
17149315,0.90747714
17149316,0.93365604
17149317,0.97465056
17149318,0.9651747
17149319,0.9542643
17149401,0.86214644
17149402,0.82281137
17149403,0.71117276
17149404,0.7813017
17149405,0.81504136
17149406,0.7318902
17149407,0.63428104
17149408,0.83838785
17149501,0.9642128
17149502,0.5369651
17149503,0.9337465
17149504,0.8817121
17149505,0.9122311
17149506,0.95465696
17149507,0.77008474
17149508,0.88547915
17149509,0.9096684
17149510,0.79324645
17149511,0.9099576
17149512,0.86616814
17149513,0.9128288
17149514,0.98778164
17149515,0.87827563
17149516,0.89515764
17149517,0.9906623
17149518,0.98069406
17149519,0.73019946
17149520,0.91884136
17149601,0.7950912
17149602,0.65061086
17149603,0.7653689
17149604,0.73238033
17149605,0.82426065
17149606,0.63188326
17149607,0.7668281
17149608,0.8070702
17149609,0.7832152
17149701,0.5645106
17149702,0.924614
17149703,0.5645106
17149704,0.9175835
17149705,0.7910781
17149706,0.8735396
17149707,0.78677356
17149708,0.8830071
17149709,0.7652771
17149801,0.91443324
17149802,0.6540334
17149803,0.87256575
17149804,0.8450787
17149805,0.6943678
17149806,0.59337914
17149807,0.80056626
17149808,0.8422919
17149809,0.6859658
17149810,0.9308192
17149901,0.65789473
17149902,0.5185513
17149903,0.9104077
17149904,0.63033086
17149905,0.6623329
17149906,0.629137
17149907,0.827606
17149908,0.88395405
17149909,0.56393576
17149910,0.7661781
17149911,0.78064704
17149912,0.76572967
17149913,0.9228862
17149914,0.82926416
17149915,0.9059056
17149916,0.9251107
17149917,0.7238885
17149918,0.7273572
17149919,0.8548075
17149920,0.9466509
17149921,0.5689604
17149922,0.67191863
17149923,0.64729524
17150001,0.94393075
17150002,0.906541
17150003,0.9279522
17150004,0.9414368
17150005,0.8991834
17150006,0.95200336
17150007,0.8352706
17150008,0.940175
17150009,0.821517
17150010,0.6459667
17150011,0.650565
17150012,0.81983143
17150013,0.79582965
17150014,0.5712235
17150015,0.62100667
17150016,0.67472315
17150017,0.7682969
17150018,0.8212527
17150019,0.7347448
17150020,0.50380456
17150021,0.7025649
17150101,0.7538838
17150102,0.5052107
17150103,0.64255226
17150104,0.899806
17150105,0.53894585
17150106,0.61063963
17150107,0.66665757
17150108,0.82909316
17150109,0.6522253
17150110,0.8787303
17150111,0.8769988
17150112,0.7176618
17150113,0.605482
17150114,0.72808623
17150115,0.7084778
17150201,0.84473485
17150202,0.8609003
17150203,0.8132871
17150204,0.591081
17150205,0.5868275
17150206,0.71670526
17150207,0.6500183
17150208,0.85086715
17150209,0.50746125
17150210,0.74040705
17150301,0.8756739
17150302,0.8006587
17150303,0.7157985
17150304,0.64146596
17150305,0.6401024
17150306,0.5986614
17150307,0.717371
17150308,0.93270665
17150309,0.5986614
17150310,0.6247816
17150311,0.52749443
17150312,0.6246428
17150313,0.64384186
17150314,0.72168493
17150315,0.62182975
17150316,0.9065012
17150317,0.9182263
17150401,0.9214328
17150402,0.51263714
17150403,0.9885225
17150404,0.96076596
17150405,0.97458875
17150406,0.75923944
17150407,0.8187315
17150408,0.83595383
17150409,0.9159477
17150410,0.6713754
17150411,0.8635008
17150412,0.8869079
17150413,0.78206366
17150414,0.9453989
17150415,0.6871499
17150416,0.7816112
17150417,0.6574311
17150418,0.87847495
17150419,0.62545395
17150420,0.91811323
17150421,0.9649782
17150422,0.6700898
17150423,0.94364566
17150501,0.9686045
17150502,0.74789655
17150503,0.84477013
17150504,0.9581735
17150505,0.9625647
17150506,0.9523626
17150507,0.9794759
17150508,0.96416616
17150509,0.96670884
17150510,0.84289396
17150511,0.71338713
17150512,0.92404795
17150513,0.765547
17150514,0.8431883
17150515,0.873901
17150516,0.80643106
17150517,0.7460944
17150518,0.9682748
17150519,0.8774173
17150520,0.92311597
17150521,0.9654937
17150522,0.98825574
17150523,0.96862745
17150601,0.65238553
17150602,0.6035816
17150603,0.8154352
17150604,0.8657012
17150605,0.60131747
17150606,0.5614664
17150607,0.5612487
17150608,0.5649188
17150609,0.8405215
17150610,0.62933344
17150701,0.50027084
17150702,0.89271957
17150703,0.5941243
17150704,0.584507
17150705,0.65187764
17150706,0.56817025
17150707,0.71938664
17150708,0.6851759
17150709,0.51190543
17150710,0.52830696
17150711,0.7982351
17150712,0.920998
17150713,0.9233635
17150714,0.8644972
17150715,0.9200421
17150716,0.98129165
17150717,0.7271532
17150718,0.88950765
17150719,0.9084235
17150720,0.9167027
17150801,0.641657
17150802,0.81044567
17150803,0.7104513
17150804,0.862998
17150805,0.5038731
17150806,0.89144576
17150807,0.5757826
17150808,0.603537
17150809,0.84462816
17150810,0.74752134
17150901,0.66157585
17150902,0.73825747
17150903,0.8140004
17150904,0.9521271
17150905,0.8393738
17150906,0.9722235
17150907,0.7487093
17150908,0.838374
17150909,0.82025814
17150910,0.7946918
17150911,0.8597785
17150912,0.6016673
17150913,0.7174851
17150914,0.6406766
17150915,0.8910977
17150916,0.8161942
17150917,0.6766806
17150918,0.56294817
17150919,0.60372806
17150920,0.83753717
17151001,0.8213645
17151002,0.8530707
17151003,0.9781887
17151004,0.65629107
17151005,0.6201448
17151006,0.5405847
17151007,0.57158494
17151008,0.6977983
17151009,0.9110046
17151010,0.89024615
17151011,0.8090128
17151012,0.51021564
17151013,0.7065666
17151014,0.81893355
17151015,0.67015857
17151016,0.66894835
17151017,0.6420778
17151018,0.5335531
17151019,0.62715364
17151020,0.8537216
17151021,0.63538384
17151022,0.9220143
17151023,0.735465
17151024,0.96672785
17151101,0.9521985
17151102,0.7483807
17151103,0.51070577
17151104,0.8837065
17151105,0.78957975
17151106,0.9037624
17151107,0.8618569
17151108,0.9441116
17151201,0.88160646
17151202,0.7521668
17151203,0.64077556
17151204,0.9780489
17151205,0.6319579
17151206,0.91702366
17151207,0.57840776
17151208,0.9579149
17151209,0.77723444
17151210,0.6588847
17151211,0.86126494
17151212,0.7586044
17151213,0.7475684
17151214,0.6203555
17151215,0.8138544
17151216,0.50781864
17151217,0.71011436
17151218,0.7573065
17151219,0.9856678
17151220,0.97907835
17151221,0.80511457
17151301,0.8396616
17151302,0.7816143
17151303,0.9570644
17151304,0.5223236
17151305,0.8528148
17151306,0.541995
17151307,0.9580667
17151308,0.91873467
17151309,0.83598703
17151310,0.8773469
17151401,0.9373403
17151402,0.92494315
17151403,0.75717014
17151404,0.7945789
17151405,0.8712558
17151406,0.78261036
17151407,0.9187168
17151408,0.9824253
17151409,0.74996954
17151410,0.92057174
17151411,0.8895224
17151412,0.8138844
17151413,0.89297545
17151414,0.91720825
17151415,0.9068343
17151416,0.9242156
17151417,0.89029086
17151418,0.57216614
17151419,0.6503761
17151420,0.9287778
17151421,0.77387017
17151422,0.597849
17151423,0.68147683
17151424,0.7972056
17151501,0.6019444
17151502,0.9530592
17151503,0.68240845
17151504,0.8442955
17151505,0.9423231
17151506,0.7872258
17151507,0.86889565
17151508,0.55004776
17151509,0.8819748
17151510,0.5164125
17151601,0.6671578
17151602,0.94124466
17151603,0.8042324
17151604,0.5569895
17151605,0.5105622
17151606,0.65353453
17151607,0.8385065
17151608,0.65728253
17151609,0.73220253
17151610,0.9269434
17151701,0.854067
17151702,0.5858971
17151703,0.8644456
17151704,0.9412483
17151705,0.6848585
17151706,0.64375204
17151707,0.64058113
17151708,0.785223
17151709,0.90490437
17151710,0.77758765
17151711,0.9460604
17151712,0.7850393
17151713,0.94441146
17151714,0.9331721
17151715,0.80060935
17151716,0.97109896
17151717,0.77230746
17151718,0.72126144
17151719,0.95215636
17151720,0.9065199
17151721,0.7416995
17151801,0.58012533
17151802,0.9353824
17151803,0.93517244
17151804,0.65891415
17151805,0.8350576
17151806,0.90639055
17151807,0.75093555
17151808,0.90959024
17151809,0.8059569
17151810,0.68222225
17151811,0.86843014
17151812,0.8462458
17151813,0.90143704
17151814,0.67432743
17151815,0.74401957
17151816,0.89943594
17151817,0.72031
17151818,0.5067182
17151819,0.82821935
17151820,0.98111063
17151821,0.9776888
17151901,0.95776284
17151902,0.56720805
17151903,0.9249669
17151904,0.608473
17151905,0.5521011
17151906,0.8400336
17151907,0.7247682
17151908,0.61669225
17151909,0.81275016
17151910,0.9735824
17152001,0.7669275
17152002,0.9866209
17152003,0.9726388
17152004,0.63855153
17152005,0.63855153
17152006,0.74146557
17152007,0.685192
17152008,0.88669163
17152009,0.9669047
17152010,0.9491578
17152011,0.8934697
17152012,0.887663
17152013,0.88793784
17152014,0.65327716
17152015,0.96569943
17152016,0.73547906
17152017,0.6391566
17152018,0.8860819
17152019,0.9444884
17152020,0.6359147
17152021,0.8438949
17152022,0.7807494
17152023,0.9038913
17152101,0.52868843
17152102,0.891418
17152103,0.58707315
17152104,0.61287075
17152105,0.55175805
17152106,0.6990583
17152107,0.7613167
17152108,0.5912361
17152109,0.558623
17152201,0.73461163
17152202,0.7247444
17152203,0.5083
17152204,0.81497896
17152205,0.6169419
17152206,0.93626565
17152207,0.8249128
17152208,0.73560226
17152301,0.9720196
17152302,0.986912
17152303,0.85412955
17152304,0.76953584
17152305,0.8876485
17152306,0.74361986
17152307,0.53570867
17152308,0.89730984
17152309,0.9686573
17152310,0.67128295
17152311,0.52777135
17152312,0.8830823
17152313,0.9876343
17152314,0.9620843
17152315,0.98038036
17152316,0.90910506
17152317,0.95976985
17152318,0.6201268
17152319,0.6195964
17152320,0.6226027
17152321,0.8367709
17152322,0.9679294
17152401,0.8899746
17152402,0.9226578
17152403,0.78009254
17152404,0.52197134
17152405,0.82408756
17152406,0.90265465
17152407,0.5527538
17152408,0.7252187
17152501,0.68971425
17152502,0.5586719
17152503,0.7808339
17152504,0.8448752
17152505,0.5284969
17152506,0.5123065
17152507,0.8237715
17152508,0.8838672
17152509,0.51830304
17152601,0.8398597
17152602,0.6980346
17152603,0.6695394
17152604,0.9364519
17152605,0.8991762
17152606,0.65347654
17152607,0.6082299
17152608,0.5144241
17152609,0.8430253
17152610,0.71760535
17152611,0.80435765
17152612,0.51108044
17152613,0.9743343
17152614,0.7043497
17152615,0.8390166
17152616,0.75988406
17152617,0.62292063
17152618,0.65433574
17152619,0.9879446
17152701,0.74318016
17152702,0.96613497
17152703,0.76017106
17152704,0.9179959
17152705,0.5620451
17152706,0.8772192
17152707,0.6517586
17152708,0.90945834
17152709,0.7040895
17152710,0.80080664
17152801,0.50267553
17152802,0.5573455
17152803,0.56006134
17152804,0.859136
17152805,0.73777974
17152806,0.5021066
17152807,0.72890615
17152808,0.72305083
17152809,0.71686053
17152901,0.78168494
17152902,0.52691877
17152903,0.54736155
17152904,0.67216146
17152905,0.87642676
17152906,0.61560553
17152907,0.54107577
17152908,0.5044433
17152909,0.5114565
17152910,0.6147092
17152911,0.9005884
17152912,0.91787785
17152913,0.67768234
17152914,0.6215065
17152915,0.8413547
17152916,0.631231
17152917,0.75522643
17152918,0.9143127
17152919,0.5520626
17152920,0.5075387
17152921,0.68668175
17152922,0.7721784
17153001,0.9531949
17153002,0.8877034
17153003,0.886933
17153004,0.75900316
17153005,0.7808656
17153006,0.8092995
17153007,0.74472594
17153008,0.60184264
17153009,0.74881476
17153010,0.65745175
17153011,0.84780234
17153012,0.86350566
17153013,0.9806795
17153014,0.9773197
17153015,0.9953499
17153016,0.9948525
17153017,0.98166865
17153018,0.99036485
17153019,0.9671786
17153020,0.6539311
17153021,0.71448493
17153101,0.9608364
17153102,0.85994166
17153103,0.74222517
17153104,0.819667
17153105,0.9606818
17153106,0.75726545
17153107,0.841281
17153108,0.82552665
17153109,0.7654806
17153110,0.77734816
17153111,0.9351221
17153112,0.939406
17153113,0.9447518
17153114,0.81716007
17153115,0.9817706
17153116,0.92575085
17153117,0.63402975
17153118,0.9317619
17153119,0.7981756
17153120,0.9315786
17153201,0.7961224
17153202,0.6357979
17153203,0.8776602
17153204,0.89307654
17153205,0.93705845
17153206,0.7837124
17153207,0.7430546
17153208,0.9371285
17153209,0.7680956
17153210,0.9901153
17153211,0.82394356
17153212,0.98505974
17153213,0.69868267
17153214,0.6345326
17153215,0.80775106
17153216,0.816076
17153217,0.66019726
17153218,0.8956891
17153219,0.8958573
17153301,0.64821845
17153302,0.70477045
17153303,0.9538269
17153304,0.8915892
17153305,0.5449763
17153306,0.76878744
17153307,0.6330851
17153308,0.73613226
17153309,0.7820457
17153401,0.8535683
17153402,0.7305827
17153403,0.52781016
17153404,0.56653404
17153405,0.5226908
17153406,0.63921386
17153407,0.9325648
17153408,0.7462103
17153409,0.86321545
17153410,0.87515837
17153411,0.5098626
17153412,0.58138925
17153413,0.72692055
17153414,0.58971864
17153415,0.54149073
17153416,0.768415
17153417,0.72229236
17153501,0.5350046
17153502,0.8859093
17153503,0.6196648
17153504,0.59936744
17153505,0.7624079
17153506,0.68278515
17153507,0.75559527
17153508,0.5903108
17153509,0.6168721
17153601,0.80473065
17153602,0.9387705
17153603,0.8320334
17153604,0.5147165
17153605,0.859607
17153606,0.7996573
17153607,0.8487833
17153608,0.8887004
17153609,0.7953213
17153701,0.925044
17153702,0.93955225
17153703,0.9790598
17153704,0.88112944
17153705,0.718021
17153706,0.5900594
17153707,0.7239417
17153708,0.69214946
17153709,0.928111
17153710,0.90224224
17153711,0.50330573
17153712,0.90763533
17153713,0.65505856
17153714,0.81058705
17153715,0.97053313
17153716,0.90631217
17153717,0.9452531
17153801,0.9363172
17153802,0.9688261
17153803,0.9323057
17153804,0.6559483
17153805,0.6957921
17153806,0.7665353
17153807,0.5781101
17153808,0.9352601
17153809,0.8633051
17153901,0.8843798
17153902,0.6579839
17153903,0.8247318
17153904,0.66565865
17153905,0.51652235
17153906,0.7207307
17153907,0.7739397
17153908,0.9274191
17153909,0.9303271
17153910,0.83663446
17153911,0.889664
17153912,0.8237151
17153913,0.667586
17153914,0.92209387
17153915,0.9272509
17153916,0.76031214
17153917,0.5536423
17153918,0.88821566
17153919,0.90086895
17153920,0.89028436
17153921,0.9107362
17153922,0.8796687
17153923,0.8750436
17154001,0.5469576
17154002,0.96540445
17154003,0.6675476
17154004,0.8907878
17154005,0.8783824
17154006,0.5522193
17154007,0.88389874
17154008,0.8460142
17154009,0.6660301
17154101,0.6835723
17154102,0.733909
17154103,0.67479503
17154104,0.57766575
17154105,0.59084004
17154106,0.52112603
17154107,0.52112603
17154201,0.7163811
17154202,0.8036883
17154203,0.83677536
17154204,0.9669748
17154205,0.67594624
17154206,0.585812
17154207,0.7686597
17154208,0.61409235
17154301,0.63180923
17154302,0.89261067
17154303,0.7223116
17154304,0.90277404
17154305,0.7848435
17154306,0.9627739
17154307,0.6138827
17154308,0.7265879
17154309,0.822658
17154310,0.5631047
17154311,0.9668114
17154312,0.9493807
17154313,0.95082283
17154314,0.512438
17154315,0.93514764
17154316,0.9459537
17154317,0.98246574
17154318,0.5066215
17154319,0.95651317
17154320,0.70925665
17154321,0.8840694
17154322,0.94882977
17154323,0.9345637
17154401,0.91335434
17154402,0.8093801
17154403,0.91289824
17154404,0.8569459
17154405,0.9665323
17154406,0.6340372
17154407,0.94708526
17154408,0.86351967
17154409,0.88849807
17154501,0.84634244
17154502,0.5644466
17154503,0.83542114
17154504,0.9515987
17154505,0.84342027
17154506,0.5667274
17154507,0.6037982
17154508,0.52113074
17154509,0.8649555
17154601,0.9255283
17154602,0.9766312
17154603,0.837082
17154604,0.9437909
17154605,0.980569
17154606,0.63960123
17154607,0.8668438
17154608,0.6570329
17154609,0.710362
17154610,0.7012283
17154611,0.97789997
17154612,0.5887354
17154613,0.7983862
17154614,0.6006897
17154615,0.8319368
17154616,0.56125903
17154617,0.85095584
17154618,0.9522939
17154619,0.9709962
17154620,0.84391433
17154621,0.93995416
17154701,0.5477669
17154702,0.54294187
17154703,0.7693253
17154704,0.81476516
17154705,0.8371892
17154706,0.9588748
17154707,0.5521263
17154708,0.76244307
17154709,0.8303849
17154710,0.7669066
17154711,0.807616
17154712,0.6836741
17154713,0.8692355
17154714,0.6975438
17154801,0.82773507
17154802,0.65444386
17154803,0.5374961
17154804,0.7537662
17154805,0.89042753
17154806,0.68699074
17154807,0.7507704
17154808,0.55098915
17154809,0.5080468
17154901,0.65123636
17154902,0.72337013
17154903,0.689331
17154904,0.66500056
17154905,0.5670376
17154906,0.6413718
17154907,0.7282123
17154908,0.7864027
17154909,0.9621985
17154910,0.570384
17154911,0.8823321
17154912,0.8613532
17154913,0.8756531
17154914,0.9285641
17154915,0.9707497
17154916,0.71178824
17154917,0.7187077
17154918,0.9879241
17154919,0.895853
17154920,0.5198818
17154921,0.9777663
17155001,0.74812186
17155002,0.74867964
17155003,0.972911
17155004,0.6815994
17155005,0.66539425
17155006,0.9347509
17155007,0.9142297
17155008,0.763312
17155009,0.5449606
17155010,0.9327194
17155011,0.7671393
17155012,0.6868605
17155013,0.91798526
17155014,0.7834051
17155015,0.68280274
17155016,0.8103323
17155017,0.9016723
17155018,0.6823945
17155019,0.69097304
17155020,0.7429455
17155021,0.50607395
17155022,0.8855596
17155023,0.8855596
17155024,0.95842993
17155101,0.87767094
17155102,0.8760981
17155103,0.63840514
17155104,0.85676503
17155105,0.8613818
17155106,0.5072405
17155107,0.76641214
17155108,0.586386
17155109,0.9572089
17155110,0.68136317
17155111,0.9796362
17155112,0.9423515
17155113,0.7876528
17155114,0.88768035
17155115,0.54735607
17155116,0.5667894
17155117,0.8593203
17155118,0.9392775
17155119,0.8268519
17155120,0.8461403
17155121,0.9699314
17155201,0.89836603
17155202,0.7430221
17155203,0.5765654
17155204,0.5719246
17155205,0.59290236
17155206,0.56183416
17155207,0.8153567
17155208,0.8143289
17155209,0.8196704
17155210,0.67278135
17155211,0.76676846
17155212,0.6843371
17155213,0.9463791
17155214,0.8922564
17155215,0.9407257
17155216,0.9692444
17155217,0.8375961
17155218,0.9075666
17155219,0.8938907
17155220,0.7693515
17155301,0.7142801
17155302,0.7322968
17155303,0.88022745
17155304,0.8479662
17155305,0.93333495
17155306,0.60263443
17155307,0.78633344
17155308,0.8790381
17155309,0.7873783
17155310,0.86542886
17155401,0.88522315
17155402,0.5764865
17155403,0.59966415
17155404,0.6743327
17155405,0.9167116
17155406,0.7050143
17155407,0.8338575
17155408,0.7051206
17155409,0.6501858
17155410,0.87398255
17155411,0.88605714
17155412,0.8551485
17155413,0.5741141
17155414,0.536341
17155415,0.5959418
17155501,0.71251696
17155502,0.72965544
17155503,0.8302616
17155504,0.7850984
17155505,0.9752587
17155506,0.9807138
17155507,0.9732083
17155508,0.9281149
17155509,0.77059144
17155510,0.72293967
17155511,0.62004584
17155512,0.9532653
17155513,0.8167522
17155514,0.51516813
17155515,0.62584347
17155516,0.7319891
17155517,0.82913506
17155518,0.7401306
17155519,0.98720205
17155520,0.7637869
17155521,0.749292
17155601,0.55757236
17155602,0.60654753
17155603,0.57170194
17155604,0.58841544
17155605,0.6038846
17155606,0.6271325
17155607,0.5597838
17155608,0.7345762
17155609,0.7265716
17155701,0.93842274
17155702,0.88986504
17155703,0.50017124
17155704,0.697645
17155705,0.6269002
17155706,0.801689
17155707,0.766965
17155708,0.8131259
17155709,0.5347197
17155710,0.91692615
17155801,0.9169881
17155802,0.9662516
17155803,0.95061994
17155804,0.91398627
17155805,0.8689819
17155806,0.72252584
17155807,0.8850085
17155808,0.59195805
17155809,0.9428364
17155810,0.67263544
17155811,0.5975785
17155812,0.66893506
17155813,0.58199924
17155814,0.5250758
17155815,0.60409915
17155816,0.9854549
17155817,0.93546295
17155818,0.93063706
17155819,0.9810612
17155820,0.8004018
17155901,0.9241528
17155902,0.81501645
17155903,0.9589058
17155904,0.7773305
17155905,0.8731146
17155906,0.5091636
17155907,0.95832396
17155908,0.55450207
17155909,0.8563455
17155910,0.91179776
17155911,0.96109265
17155912,0.7244468
17155913,0.93535846
17155914,0.9936795
17155915,0.8984994
17155916,0.7449758
17155917,0.95878583
17156001,0.645968
17156002,0.78214604
17156003,0.8538302
17156004,0.89213985
17156005,0.8215701
17156006,0.8062177
17156007,0.81922674
17156008,0.8140892
17156009,0.78378767
17156010,0.7895437
17156101,0.85829985
17156102,0.5857898
17156103,0.59527814
17156104,0.505693
17156105,0.5395857
17156106,0.696203
17156107,0.5065463
17156108,0.6892786
17156109,0.6942178
17156110,0.5545748
17156111,0.53341585
17156112,0.5986054
17156113,0.89366186
17156114,0.9216956
17156115,0.71482176
17156116,0.550011
17156117,0.8968683
17156118,0.6341746
17156119,0.63320225
17156201,0.96653014
17156202,0.9312923
17156203,0.9527003
17156204,0.8675046
17156205,0.851896
17156206,0.875277
17156207,0.9014433
17156208,0.9307241
17156209,0.96610606
17156210,0.9312602
17156211,0.8202805
17156212,0.85212785
17156213,0.85586435
17156214,0.87914056
17156215,0.9242868
17156216,0.8398886
17156217,0.9578404
17156218,0.6406764
17156219,0.52935106
17156220,0.6823641
17156221,0.813773
17156222,0.9766714
17156301,0.74392796
17156302,0.85867065
17156303,0.80555266
17156304,0.56467754
17156305,0.5862856
17156306,0.57584167
17156307,0.785885
17156308,0.81568366
17156309,0.91050005
17156310,0.5924874
17156311,0.62618965
17156312,0.7952386
17156313,0.54447216
17156314,0.82616806
17156315,0.73486024
17156316,0.5312577
17156317,0.50621426
17156318,0.6433379
17156319,0.52050656
17156320,0.55580795
17156401,0.8301922
17156402,0.8541168
17156403,0.5854101
17156404,0.5854101
17156405,0.7778001
17156406,0.8415172
17156407,0.800738
17156408,0.90803105
17156409,0.6287357
17156410,0.6761108
17156501,0.57619774
17156502,0.8098967
17156503,0.7685889
17156504,0.8892955
17156505,0.62699765
17156506,0.86116844
17156507,0.55913943
17156508,0.8098967
17156509,0.7685889
17156510,0.58785886
17156601,0.81304044
17156602,0.64240575
17156603,0.52808166
17156604,0.8494955
17156605,0.85954386
17156606,0.68238086
17156701,0.6972053
17156702,0.59375775
17156703,0.8954348
17156704,0.9039547
17156705,0.50808907
17156706,0.5419886
17156707,0.59923613
17156708,0.5588527
17156709,0.6835299
17156710,0.59699047
17156711,0.7646762
17156712,0.7826821
17156713,0.68001664
17156714,0.84560066
17156715,0.7168552
17156716,0.8497178
17156717,0.7047557
17156718,0.5748921
17156719,0.82674533
17156720,0.98291
17156721,0.77668166
17156722,0.67579395
17156723,0.5071729
17156724,0.5834873
17156801,0.5768449
17156802,0.9032498
17156803,0.86792314
17156804,0.69790137
17156805,0.68433833
17156806,0.6494402
17156807,0.5031453
17156808,0.5169382
17156809,0.86968845
17156810,0.62948173
17156811,0.68950766
17156812,0.7948203
17156813,0.9923608
17156814,0.5627901
17156815,0.91844857
17156816,0.54915404
17156817,0.72418195
17156818,0.7705275
17156819,0.8635635
17156820,0.7099605
17156821,0.89747816
17156822,0.9312094
17156823,0.6502918
17156824,0.97567755
17156901,0.9030854
17156902,0.6915112
17156903,0.78908604
17156904,0.5245325
17156905,0.96904534
17156906,0.51737905
17156907,0.62589574
17156908,0.8702766
17156909,0.78026813
17156910,0.84999454
17156911,0.8435904
17156912,0.77464306
17156913,0.51876277
17156914,0.677408
17156915,0.5826612
17156916,0.7029501
17156917,0.78161776
17156918,0.76330936
17156919,0.5923437
17157001,0.97360706
17157002,0.9352505
17157003,0.9545905
17157004,0.7164984
17157005,0.9543546
17157006,0.8343944
17157007,0.82020843
17157008,0.5095353
17157009,0.9515839
17157010,0.8516325
17157011,0.73339355
17157012,0.7906099
17157013,0.71875113
17157014,0.963343
17157015,0.6923123
17157016,0.68596464
17157017,0.913671
17157018,0.6715914
17157019,0.7965732
17157020,0.7395131
17157101,0.6740593
17157102,0.7334378
17157103,0.80450577
17157104,0.6317644
17157105,0.544337
17157106,0.65696245
17157107,0.88528526
17157108,0.7201967
17157109,0.53266054
17157110,0.8031263
17157201,0.7825993
17157202,0.8759817
17157203,0.97591716
17157204,0.8981814
17157205,0.86449176
17157206,0.82411206
17157207,0.78542256
17157208,0.77520114
17157209,0.7209716
17157210,0.9005559
17157211,0.70641387
17157212,0.95743215
17157213,0.6110828
17157214,0.88824224
17157215,0.7383326
17157216,0.86524534
17157217,0.7406245
17157218,0.915273
17157219,0.87529224
17157220,0.84128845
17157221,0.8306296
17157222,0.5945585
17157223,0.9868824
17157224,0.91607225
17157225,0.98726165
17157301,0.6625473
17157302,0.967755
17157303,0.91095835
17157304,0.66065556
17157305,0.75377554
17157306,0.7178565
17157307,0.9216834
17157308,0.9526132
17157309,0.5814658
17157310,0.6367093
17157311,0.9472327
17157312,0.7760659
17157313,0.93505776
17157314,0.9794718
17157315,0.9852764
17157316,0.88719577
17157317,0.7685207
17157318,0.91700184
17157319,0.90304714
17157320,0.8918502
17157321,0.9018166
17157322,0.6744665
17157323,0.6655335
17157324,0.51276773
17157325,0.64815724
17157326,0.8613259
17157327,0.5948183
17157328,0.87235475
17157329,0.73904365
17157401,0.71302706
17157402,0.6296225
17157403,0.627389
17157404,0.56787556
17157405,0.7519068
17157406,0.9074472
17157407,0.7598389
17157408,0.67630386
17157409,0.9312302
17157410,0.8321034
17157411,0.9440235
17157412,0.78177226
17157413,0.56205475
17157414,0.89281285
17157415,0.9060011
17157416,0.9114117
17157417,0.7856753
17157418,0.88990223
17157419,0.5461718
17157420,0.7432234
17157421,0.9665169
17157501,0.60119075
17157502,0.6051964
17157503,0.59759516
17157504,0.92086935
17157505,0.73496383
17157506,0.70663
17157507,0.66743785
17157508,0.64376414
17157509,0.530136
17157510,0.6455078
17157511,0.74050015
17157512,0.74354154
17157513,0.60277164
17157514,0.5229805
17157515,0.69660074
17157516,0.5977522
17157517,0.5472176
17157518,0.8427182
17157519,0.65297747
17157520,0.79156345
17157521,0.6747066
17157522,0.8686734
17157523,0.8836909
17157601,0.8776271
17157602,0.6854144
17157603,0.76472795
17157604,0.85955375
17157605,0.8546791
17157606,0.7331905
17157607,0.5264804
17157608,0.9105282
17157609,0.7633442
17157610,0.942271
17157611,0.7103199
17157612,0.79542696
17157613,0.7520648
17157614,0.53631204
17157615,0.9122674
17157616,0.9337648
17157617,0.7506228
17157618,0.8516323
17157619,0.84430397
17157620,0.8105435
17157621,0.8909182
17157622,0.9329773
17157701,0.86705536
17157702,0.7631874
17157703,0.89145714
17157704,0.65852755
17157705,0.821406
17157706,0.59784853
17157707,0.5025686
17157708,0.8287924
17157709,0.62791014
17157710,0.66686887
17157801,0.7126394
17157802,0.85152185
17157803,0.7551817
17157804,0.733882
17157805,0.8853661
17157806,0.8226976
17157807,0.731951
17157808,0.7610355
17157809,0.84742403
17157810,0.555676
17157811,0.70994514
17157812,0.761193
17157813,0.92968446
17157814,0.81939036
17157901,0.9504177
17157902,0.85213304
17157903,0.9878578
17157904,0.97859406
17157905,0.90179265
17157906,0.98851866
17157907,0.88036007
17157908,0.96141595
17157909,0.9422254
17157910,0.9727078
17157911,0.97390896
17157912,0.98309547
17157913,0.98102623
17157914,0.94608444
17157915,0.9899122
17157916,0.9659647
17157917,0.96154046
17157918,0.95801455
17158001,0.9466625
17158002,0.8302576
17158003,0.66600275
17158004,0.7023715
17158005,0.6824685
17158006,0.5825398
17158007,0.8356787
17158008,0.62568104
17158009,0.6137663
17158010,0.620272
17158011,0.8810607
17158012,0.80325276
17158013,0.87735987
17158014,0.8630011
17158015,0.68371516
17158016,0.7099058
17158017,0.96338516
17158018,0.80260783
17158019,0.9404983
17158020,0.62494135
17158021,0.5881996
17158022,0.6032125
17158023,0.5714772
17158024,0.807165
17158025,0.88160115
17158101,0.6913363
17158102,0.93254024
17158103,0.95169747
17158104,0.5139877
17158105,0.5527469
17158106,0.7618826
17158107,0.9691362
17158108,0.9490691
17158109,0.9945643
17158110,0.8707969
17158111,0.9701081
17158112,0.8961099
17158113,0.9751579
17158114,0.9786961
17158115,0.9841303
17158116,0.57679284
17158117,0.956754
17158118,0.5539033
17158119,0.7673491
17158120,0.9318322
17158121,0.9045826
